0	1	2	3	4	5	M
0	0	0	0	0	0	1947
0	0	0	0	0	1	1256
0	0	0	0	0	2	2447
0	0	0	0	0	ALL	5650
0	0	0	0	1	0	867
0	0	0	0	1	1	2123
0	0	0	0	1	2	1910
0	0	0	0	1	ALL	4900
0	0	0	0	2	1	1252
0	0	0	0	2	2	314
0	0	0	0	2	ALL	1566
0	0	0	0	ALL	0	2814
0	0	0	0	ALL	1	4631
0	0	0	0	ALL	2	4671
0	0	0	0	ALL	ALL	12116
0	0	0	1	0	0	2003
0	0	0	1	0	1	2316
0	0	0	1	0	2	1913
0	0	0	1	0	ALL	6232
0	0	0	1	1	1	1744
0	0	0	1	1	2	1018
0	0	0	1	1	ALL	2762
0	0	0	1	2	0	753
0	0	0	1	2	1	601
0	0	0	1	2	2	281
0	0	0	1	2	ALL	1635
0	0	0	1	ALL	0	2756
0	0	0	1	ALL	1	4661
0	0	0	1	ALL	2	3212
0	0	0	1	ALL	ALL	10629
0	0	0	2	0	0	1261
0	0	0	2	0	1	2928
0	0	0	2	0	ALL	4189
0	0	0	2	1	0	76
0	0	0	2	1	1	1848
0	0	0	2	1	2	798
0	0	0	2	1	ALL	2722
0	0	0	2	2	0	1089
0	0	0	2	2	1	755
0	0	0	2	2	2	1521
0	0	0	2	2	ALL	3365
0	0	0	2	ALL	0	2426
0	0	0	2	ALL	1	5531
0	0	0	2	ALL	2	2319
0	0	0	2	ALL	ALL	10276
0	0	0	ALL	0	0	5211
0	0	0	ALL	0	1	6500
0	0	0	ALL	0	2	4360
0	0	0	ALL	0	ALL	16071
0	0	0	ALL	1	0	943
0	0	0	ALL	1	1	5715
0	0	0	ALL	1	2	3726
0	0	0	ALL	1	ALL	10384
0	0	0	ALL	2	0	1842
0	0	0	ALL	2	1	2608
0	0	0	ALL	2	2	2116
0	0	0	ALL	2	ALL	6566
0	0	0	ALL	ALL	0	7996
0	0	0	ALL	ALL	1	14823
0	0	0	ALL	ALL	2	10202
0	0	0	ALL	ALL	ALL	33021
0	0	1	0	0	0	1287
0	0	1	0	0	1	939
0	0	1	0	0	ALL	2226
0	0	1	0	1	0	1069
0	0	1	0	1	1	1882
0	0	1	0	1	2	2167
0	0	1	0	1	ALL	5118
0	0	1	0	2	0	3829
0	0	1	0	2	1	209
0	0	1	0	2	2	2259
0	0	1	0	2	ALL	6297
0	0	1	0	ALL	0	6185
0	0	1	0	ALL	1	3030
0	0	1	0	ALL	2	4426
0	0	1	0	ALL	ALL	13641
0	0	1	1	0	0	1419
0	0	1	1	0	1	470
0	0	1	1	0	ALL	1889
0	0	1	1	1	0	1414
0	0	1	1	1	2	408
0	0	1	1	1	ALL	1822
0	0	1	1	2	0	1523
0	0	1	1	2	1	2408
0	0	1	1	2	2	371
0	0	1	1	2	ALL	4302
0	0	1	1	ALL	0	4356
0	0	1	1	ALL	1	2878
0	0	1	1	ALL	2	779
0	0	1	1	ALL	ALL	8013
0	0	1	2	0	0	3827
0	0	1	2	0	1	1846
0	0	1	2	0	2	1887
0	0	1	2	0	ALL	7560
0	0	1	2	1	0	1929
0	0	1	2	1	1	979
0	0	1	2	1	2	1142
0	0	1	2	1	ALL	4050
0	0	1	2	2	0	990
0	0	1	2	2	1	180
0	0	1	2	2	2	2022
0	0	1	2	2	ALL	3192
0	0	1	2	ALL	0	6746
0	0	1	2	ALL	1	3005
0	0	1	2	ALL	2	5051
0	0	1	2	ALL	ALL	14802
0	0	1	ALL	0	0	6533
0	0	1	ALL	0	1	3255
0	0	1	ALL	0	2	1887
0	0	1	ALL	0	ALL	11675
0	0	1	ALL	1	0	4412
0	0	1	ALL	1	1	2861
0	0	1	ALL	1	2	3717
0	0	1	ALL	1	ALL	10990
0	0	1	ALL	2	0	6342
0	0	1	ALL	2	1	2797
0	0	1	ALL	2	2	4652
0	0	1	ALL	2	ALL	13791
0	0	1	ALL	ALL	0	17287
0	0	1	ALL	ALL	1	8913
0	0	1	ALL	ALL	2	10256
0	0	1	ALL	ALL	ALL	36456
0	0	2	0	0	0	1501
0	0	2	0	0	1	1624
0	0	2	0	0	2	344
0	0	2	0	0	ALL	3469
0	0	2	0	1	0	1741
0	0	2	0	1	1	1610
0	0	2	0	1	2	748
0	0	2	0	1	ALL	4099
0	0	2	0	2	0	1619
0	0	2	0	2	1	1479
0	0	2	0	2	2	1188
0	0	2	0	2	ALL	4286
0	0	2	0	ALL	0	4861
0	0	2	0	ALL	1	4713
0	0	2	0	ALL	2	2280
0	0	2	0	ALL	ALL	11854
0	0	2	1	0	0	128
0	0	2	1	0	1	684
0	0	2	1	0	2	880
0	0	2	1	0	ALL	1692
0	0	2	1	1	1	199
0	0	2	1	1	2	1447
0	0	2	1	1	ALL	1646
0	0	2	1	2	0	989
0	0	2	1	2	1	3018
0	0	2	1	2	2	1152
0	0	2	1	2	ALL	5159
0	0	2	1	ALL	0	1117
0	0	2	1	ALL	1	3901
0	0	2	1	ALL	2	3479
0	0	2	1	ALL	ALL	8497
0	0	2	2	0	0	1505
0	0	2	2	0	1	1245
0	0	2	2	0	2	152
0	0	2	2	0	ALL	2902
0	0	2	2	1	0	1284
0	0	2	2	1	1	699
0	0	2	2	1	2	612
0	0	2	2	1	ALL	2595
0	0	2	2	2	0	826
0	0	2	2	2	1	2641
0	0	2	2	2	2	2650
0	0	2	2	2	ALL	6117
0	0	2	2	ALL	0	3615
0	0	2	2	ALL	1	4585
0	0	2	2	ALL	2	3414
0	0	2	2	ALL	ALL	11614
0	0	2	ALL	0	0	3134
0	0	2	ALL	0	1	3553
0	0	2	ALL	0	2	1376
0	0	2	ALL	0	ALL	8063
0	0	2	ALL	1	0	3025
0	0	2	ALL	1	1	2508
0	0	2	ALL	1	2	2807
0	0	2	ALL	1	ALL	8340
0	0	2	ALL	2	0	3434
0	0	2	ALL	2	1	7138
0	0	2	ALL	2	2	4990
0	0	2	ALL	2	ALL	15562
0	0	2	ALL	ALL	0	9593
0	0	2	ALL	ALL	1	13199
0	0	2	ALL	ALL	2	9173
0	0	2	ALL	ALL	ALL	31965
0	0	ALL	0	0	0	4735
0	0	ALL	0	0	1	3819
0	0	ALL	0	0	2	2791
0	0	ALL	0	0	ALL	11345
0	0	ALL	0	1	0	3677
0	0	ALL	0	1	1	5615
0	0	ALL	0	1	2	4825
0	0	ALL	0	1	ALL	14117
0	0	ALL	0	2	0	5448
0	0	ALL	0	2	1	2940
0	0	ALL	0	2	2	3761
0	0	ALL	0	2	ALL	12149
0	0	ALL	0	ALL	0	13860
0	0	ALL	0	ALL	1	12374
0	0	ALL	0	ALL	2	11377
0	0	ALL	0	ALL	ALL	37611
0	0	ALL	1	0	0	3550
0	0	ALL	1	0	1	3470
0	0	ALL	1	0	2	2793
0	0	ALL	1	0	ALL	9813
0	0	ALL	1	1	0	1414
0	0	ALL	1	1	1	1943
0	0	ALL	1	1	2	2873
0	0	ALL	1	1	ALL	6230
0	0	ALL	1	2	0	3265
0	0	ALL	1	2	1	6027
0	0	ALL	1	2	2	1804
0	0	ALL	1	2	ALL	11096
0	0	ALL	1	ALL	0	8229
0	0	ALL	1	ALL	1	11440
0	0	ALL	1	ALL	2	7470
0	0	ALL	1	ALL	ALL	27139
0	0	ALL	2	0	0	6593
0	0	ALL	2	0	1	6019
0	0	ALL	2	0	2	2039
0	0	ALL	2	0	ALL	14651
0	0	ALL	2	1	0	3289
0	0	ALL	2	1	1	3526
0	0	ALL	2	1	2	2552
0	0	ALL	2	1	ALL	9367
0	0	ALL	2	2	0	2905
0	0	ALL	2	2	1	3576
0	0	ALL	2	2	2	6193
0	0	ALL	2	2	ALL	12674
0	0	ALL	2	ALL	0	12787
0	0	ALL	2	ALL	1	13121
0	0	ALL	2	ALL	2	10784
0	0	ALL	2	ALL	ALL	36692
0	0	ALL	ALL	0	0	14878
0	0	ALL	ALL	0	1	13308
0	0	ALL	ALL	0	2	7623
0	0	ALL	ALL	0	ALL	35809
0	0	ALL	ALL	1	0	8380
0	0	ALL	ALL	1	1	11084
0	0	ALL	ALL	1	2	10250
0	0	ALL	ALL	1	ALL	29714
0	0	ALL	ALL	2	0	11618
0	0	ALL	ALL	2	1	12543
0	0	ALL	ALL	2	2	11758
0	0	ALL	ALL	2	ALL	35919
0	0	ALL	ALL	ALL	0	34876
0	0	ALL	ALL	ALL	1	36935
0	0	ALL	ALL	ALL	2	29631
0	0	ALL	ALL	ALL	ALL	101442
0	1	0	0	0	0	1318
0	1	0	0	0	1	1424
0	1	0	0	0	2	1862
0	1	0	0	0	ALL	4604
0	1	0	0	1	0	79
0	1	0	0	1	1	467
0	1	0	0	1	2	909
0	1	0	0	1	ALL	1455
0	1	0	0	2	0	756
0	1	0	0	2	1	2970
0	1	0	0	2	2	1803
0	1	0	0	2	ALL	5529
0	1	0	0	ALL	0	2153
0	1	0	0	ALL	1	4861
0	1	0	0	ALL	2	4574
0	1	0	0	ALL	ALL	11588
0	1	0	1	0	0	929
0	1	0	1	0	1	2296
0	1	0	1	0	2	495
0	1	0	1	0	ALL	3720
0	1	0	1	1	1	1999
0	1	0	1	1	2	1501
0	1	0	1	1	ALL	3500
0	1	0	1	2	0	1292
0	1	0	1	2	1	462
0	1	0	1	2	2	1964
0	1	0	1	2	ALL	3718
0	1	0	1	ALL	0	2221
0	1	0	1	ALL	1	4757
0	1	0	1	ALL	2	3960
0	1	0	1	ALL	ALL	10938
0	1	0	2	0	0	831
0	1	0	2	0	1	3364
0	1	0	2	0	2	192
0	1	0	2	0	ALL	4387
0	1	0	2	1	0	2071
0	1	0	2	1	1	1239
0	1	0	2	1	2	2022
0	1	0	2	1	ALL	5332
0	1	0	2	2	0	1104
0	1	0	2	2	1	2343
0	1	0	2	2	2	1249
0	1	0	2	2	ALL	4696
0	1	0	2	ALL	0	4006
0	1	0	2	ALL	1	6946
0	1	0	2	ALL	2	3463
0	1	0	2	ALL	ALL	14415
0	1	0	ALL	0	0	3078
0	1	0	ALL	0	1	7084
0	1	0	ALL	0	2	2549
0	1	0	ALL	0	ALL	12711
0	1	0	ALL	1	0	2150
0	1	0	ALL	1	1	3705
0	1	0	ALL	1	2	4432
0	1	0	ALL	1	ALL	10287
0	1	0	ALL	2	0	3152
0	1	0	ALL	2	1	5775
0	1	0	ALL	2	2	5016
0	1	0	ALL	2	ALL	13943
0	1	0	ALL	ALL	0	8380
0	1	0	ALL	ALL	1	16564
0	1	0	ALL	ALL	2	11997
0	1	0	ALL	ALL	ALL	36941
0	1	1	0	0	0	3533
0	1	1	0	0	1	94
0	1	1	0	0	2	2691
0	1	1	0	0	ALL	6318
0	1	1	0	1	0	2758
0	1	1	0	1	1	1066
0	1	1	0	1	2	1463
0	1	1	0	1	ALL	5287
0	1	1	0	2	0	989
0	1	1	0	2	1	2302
0	1	1	0	2	2	1102
0	1	1	0	2	ALL	4393
0	1	1	0	ALL	0	7280
0	1	1	0	ALL	1	3462
0	1	1	0	ALL	2	5256
0	1	1	0	ALL	ALL	15998
0	1	1	1	0	0	3864
0	1	1	1	0	1	698
0	1	1	1	0	2	708
0	1	1	1	0	ALL	5270
0	1	1	1	1	0	959
0	1	1	1	1	1	133
0	1	1	1	1	2	770
0	1	1	1	1	ALL	1862
0	1	1	1	2	0	1623
0	1	1	1	2	2	1606
0	1	1	1	2	ALL	3229
0	1	1	1	ALL	0	6446
0	1	1	1	ALL	1	831
0	1	1	1	ALL	2	3084
0	1	1	1	ALL	ALL	10361
0	1	1	2	0	1	2017
0	1	1	2	0	2	669
0	1	1	2	0	ALL	2686
0	1	1	2	1	0	1233
0	1	1	2	1	1	3082
0	1	1	2	1	2	1062
0	1	1	2	1	ALL	5377
0	1	1	2	2	1	1782
0	1	1	2	2	2	2379
0	1	1	2	2	ALL	4161
0	1	1	2	ALL	0	1233
0	1	1	2	ALL	1	6881
0	1	1	2	ALL	2	4110
0	1	1	2	ALL	ALL	12224
0	1	1	ALL	0	0	7397
0	1	1	ALL	0	1	2809
0	1	1	ALL	0	2	4068
0	1	1	ALL	0	ALL	14274
0	1	1	ALL	1	0	4950
0	1	1	ALL	1	1	4281
0	1	1	ALL	1	2	3295
0	1	1	ALL	1	ALL	12526
0	1	1	ALL	2	0	2612
0	1	1	ALL	2	1	4084
0	1	1	ALL	2	2	5087
0	1	1	ALL	2	ALL	11783
0	1	1	ALL	ALL	0	14959
0	1	1	ALL	ALL	1	11174
0	1	1	ALL	ALL	2	12450
0	1	1	ALL	ALL	ALL	38583
0	1	2	0	0	0	916
0	1	2	0	0	1	1569
0	1	2	0	0	ALL	2485
0	1	2	0	1	0	1069
0	1	2	0	1	1	2078
0	1	2	0	1	2	790
0	1	2	0	1	ALL	3937
0	1	2	0	2	0	887
0	1	2	0	2	1	609
0	1	2	0	2	2	1761
0	1	2	0	2	ALL	3257
0	1	2	0	ALL	0	2872
0	1	2	0	ALL	1	4256
0	1	2	0	ALL	2	2551
0	1	2	0	ALL	ALL	9679
0	1	2	1	0	0	4535
0	1	2	1	0	1	899
0	1	2	1	0	2	504
0	1	2	1	0	ALL	5938
0	1	2	1	1	0	894
0	1	2	1	1	1	2367
0	1	2	1	1	2	1075
0	1	2	1	1	ALL	4336
0	1	2	1	2	0	2540
0	1	2	1	2	1	864
0	1	2	1	2	2	1495
0	1	2	1	2	ALL	4899
0	1	2	1	ALL	0	7969
0	1	2	1	ALL	1	4130
0	1	2	1	ALL	2	3074
0	1	2	1	ALL	ALL	15173
0	1	2	2	0	1	999
0	1	2	2	0	2	168
0	1	2	2	0	ALL	1167
0	1	2	2	1	0	1280
0	1	2	2	1	1	1892
0	1	2	2	1	2	993
0	1	2	2	1	ALL	4165
0	1	2	2	2	0	1064
0	1	2	2	2	1	1776
0	1	2	2	2	2	562
0	1	2	2	2	ALL	3402
0	1	2	2	ALL	0	2344
0	1	2	2	ALL	1	4667
0	1	2	2	ALL	2	1723
0	1	2	2	ALL	ALL	8734
0	1	2	ALL	0	0	5451
0	1	2	ALL	0	1	3467
0	1	2	ALL	0	2	672
0	1	2	ALL	0	ALL	9590
0	1	2	ALL	1	0	3243
0	1	2	ALL	1	1	6337
0	1	2	ALL	1	2	2858
0	1	2	ALL	1	ALL	12438
0	1	2	ALL	2	0	4491
0	1	2	ALL	2	1	3249
0	1	2	ALL	2	2	3818
0	1	2	ALL	2	ALL	11558
0	1	2	ALL	ALL	0	13185
0	1	2	ALL	ALL	1	13053
0	1	2	ALL	ALL	2	7348
0	1	2	ALL	ALL	ALL	33586
0	1	ALL	0	0	0	5767
0	1	ALL	0	0	1	3087
0	1	ALL	0	0	2	4553
0	1	ALL	0	0	ALL	13407
0	1	ALL	0	1	0	3906
0	1	ALL	0	1	1	3611
0	1	ALL	0	1	2	3162
0	1	ALL	0	1	ALL	10679
0	1	ALL	0	2	0	2632
0	1	ALL	0	2	1	5881
0	1	ALL	0	2	2	4666
0	1	ALL	0	2	ALL	13179
0	1	ALL	0	ALL	0	12305
0	1	ALL	0	ALL	1	12579
0	1	ALL	0	ALL	2	12381
0	1	ALL	0	ALL	ALL	37265
0	1	ALL	1	0	0	9328
0	1	ALL	1	0	1	3893
0	1	ALL	1	0	2	1707
0	1	ALL	1	0	ALL	14928
0	1	ALL	1	1	0	1853
0	1	ALL	1	1	1	4499
0	1	ALL	1	1	2	3346
0	1	ALL	1	1	ALL	9698
0	1	ALL	1	2	0	5455
0	1	ALL	1	2	1	1326
0	1	ALL	1	2	2	5065
0	1	ALL	1	2	ALL	11846
0	1	ALL	1	ALL	0	16636
0	1	ALL	1	ALL	1	9718
0	1	ALL	1	ALL	2	10118
0	1	ALL	1	ALL	ALL	36472
0	1	ALL	2	0	0	831
0	1	ALL	2	0	1	6380
0	1	ALL	2	0	2	1029
0	1	ALL	2	0	ALL	8240
0	1	ALL	2	1	0	4584
0	1	ALL	2	1	1	6213
0	1	ALL	2	1	2	4077
0	1	ALL	2	1	ALL	14874
0	1	ALL	2	2	0	2168
0	1	ALL	2	2	1	5901
0	1	ALL	2	2	2	4190
0	1	ALL	2	2	ALL	12259
0	1	ALL	2	ALL	0	7583
0	1	ALL	2	ALL	1	18494
0	1	ALL	2	ALL	2	9296
0	1	ALL	2	ALL	ALL	35373
0	1	ALL	ALL	0	0	15926
0	1	ALL	ALL	0	1	13360
0	1	ALL	ALL	0	2	7289
0	1	ALL	ALL	0	ALL	36575
0	1	ALL	ALL	1	0	10343
0	1	ALL	ALL	1	1	14323
0	1	ALL	ALL	1	2	10585
0	1	ALL	ALL	1	ALL	35251
0	1	ALL	ALL	2	0	10255
0	1	ALL	ALL	2	1	13108
0	1	ALL	ALL	2	2	13921
0	1	ALL	ALL	2	ALL	37284
0	1	ALL	ALL	ALL	0	36524
0	1	ALL	ALL	ALL	1	40791
0	1	ALL	ALL	ALL	2	31795
0	1	ALL	ALL	ALL	ALL	109110
0	2	0	0	0	0	1602
0	2	0	0	0	1	1469
0	2	0	0	0	2	1769
0	2	0	0	0	ALL	4840
0	2	0	0	1	0	842
0	2	0	0	1	1	1523
0	2	0	0	1	2	2209
0	2	0	0	1	ALL	4574
0	2	0	0	2	0	1076
0	2	0	0	2	1	1613
0	2	0	0	2	2	1273
0	2	0	0	2	ALL	3962
0	2	0	0	ALL	0	3520
0	2	0	0	ALL	1	4605
0	2	0	0	ALL	2	5251
0	2	0	0	ALL	ALL	13376
0	2	0	1	0	0	1983
0	2	0	1	0	1	1885
0	2	0	1	0	2	1863
0	2	0	1	0	ALL	5731
0	2	0	1	1	0	961
0	2	0	1	1	1	640
0	2	0	1	1	2	2443
0	2	0	1	1	ALL	4044
0	2	0	1	2	0	428
0	2	0	1	2	1	1316
0	2	0	1	2	2	1013
0	2	0	1	2	ALL	2757
0	2	0	1	ALL	0	3372
0	2	0	1	ALL	1	3841
0	2	0	1	ALL	2	5319
0	2	0	1	ALL	ALL	12532
0	2	0	2	0	0	1991
0	2	0	2	0	1	1633
0	2	0	2	0	2	205
0	2	0	2	0	ALL	3829
0	2	0	2	1	0	336
0	2	0	2	1	1	847
0	2	0	2	1	2	498
0	2	0	2	1	ALL	1681
0	2	0	2	2	1	2797
0	2	0	2	2	ALL	2797
0	2	0	2	ALL	0	2327
0	2	0	2	ALL	1	5277
0	2	0	2	ALL	2	703
0	2	0	2	ALL	ALL	8307
0	2	0	ALL	0	0	5576
0	2	0	ALL	0	1	4987
0	2	0	ALL	0	2	3837
0	2	0	ALL	0	ALL	14400
0	2	0	ALL	1	0	2139
0	2	0	ALL	1	1	3010
0	2	0	ALL	1	2	5150
0	2	0	ALL	1	ALL	10299
0	2	0	ALL	2	0	1504
0	2	0	ALL	2	1	5726
0	2	0	ALL	2	2	2286
0	2	0	ALL	2	ALL	9516
0	2	0	ALL	ALL	0	9219
0	2	0	ALL	ALL	1	13723
0	2	0	ALL	ALL	2	11273
0	2	0	ALL	ALL	ALL	34215
0	2	1	0	0	0	70
0	2	1	0	0	1	1286
0	2	1	0	0	2	3361
0	2	1	0	0	ALL	4717
0	2	1	0	1	0	822
0	2	1	0	1	2	1104
0	2	1	0	1	ALL	1926
0	2	1	0	2	0	203
0	2	1	0	2	1	1672
0	2	1	0	2	2	1208
0	2	1	0	2	ALL	3083
0	2	1	0	ALL	0	1095
0	2	1	0	ALL	1	2958
0	2	1	0	ALL	2	5673
0	2	1	0	ALL	ALL	9726
0	2	1	1	0	0	2074
0	2	1	1	0	1	787
0	2	1	1	0	2	644
0	2	1	1	0	ALL	3505
0	2	1	1	1	0	1974
0	2	1	1	1	1	1922
0	2	1	1	1	2	1056
0	2	1	1	1	ALL	4952
0	2	1	1	2	0	350
0	2	1	1	2	1	1142
0	2	1	1	2	ALL	1492
0	2	1	1	ALL	0	4398
0	2	1	1	ALL	1	3851
0	2	1	1	ALL	2	1700
0	2	1	1	ALL	ALL	9949
0	2	1	2	0	0	1157
0	2	1	2	0	1	966
0	2	1	2	0	2	1980
0	2	1	2	0	ALL	4103
0	2	1	2	1	0	1308
0	2	1	2	1	1	393
0	2	1	2	1	2	650
0	2	1	2	1	ALL	2351
0	2	1	2	2	0	19
0	2	1	2	2	1	925
0	2	1	2	2	2	1620
0	2	1	2	2	ALL	2564
0	2	1	2	ALL	0	2484
0	2	1	2	ALL	1	2284
0	2	1	2	ALL	2	4250
0	2	1	2	ALL	ALL	9018
0	2	1	ALL	0	0	3301
0	2	1	ALL	0	1	3039
0	2	1	ALL	0	2	5985
0	2	1	ALL	0	ALL	12325
0	2	1	ALL	1	0	4104
0	2	1	ALL	1	1	2315
0	2	1	ALL	1	2	2810
0	2	1	ALL	1	ALL	9229
0	2	1	ALL	2	0	572
0	2	1	ALL	2	1	3739
0	2	1	ALL	2	2	2828
0	2	1	ALL	2	ALL	7139
0	2	1	ALL	ALL	0	7977
0	2	1	ALL	ALL	1	9093
0	2	1	ALL	ALL	2	11623
0	2	1	ALL	ALL	ALL	28693
0	2	2	0	0	0	1085
0	2	2	0	0	1	1449
0	2	2	0	0	2	2054
0	2	2	0	0	ALL	4588
0	2	2	0	1	0	589
0	2	2	0	1	1	934
0	2	2	0	1	2	325
0	2	2	0	1	ALL	1848
0	2	2	0	2	0	1567
0	2	2	0	2	1	190
0	2	2	0	2	2	1292
0	2	2	0	2	ALL	3049
0	2	2	0	ALL	0	3241
0	2	2	0	ALL	1	2573
0	2	2	0	ALL	2	3671
0	2	2	0	ALL	ALL	9485
0	2	2	1	0	0	883
0	2	2	1	0	1	1630
0	2	2	1	0	2	1542
0	2	2	1	0	ALL	4055
0	2	2	1	1	0	1638
0	2	2	1	1	1	1338
0	2	2	1	1	2	2775
0	2	2	1	1	ALL	5751
0	2	2	1	2	0	328
0	2	2	1	2	1	2619
0	2	2	1	2	2	1734
0	2	2	1	2	ALL	4681
0	2	2	1	ALL	0	2849
0	2	2	1	ALL	1	5587
0	2	2	1	ALL	2	6051
0	2	2	1	ALL	ALL	14487
0	2	2	2	0	0	1147
0	2	2	2	0	1	911
0	2	2	2	0	2	692
0	2	2	2	0	ALL	2750
0	2	2	2	1	0	1250
0	2	2	2	1	1	475
0	2	2	2	1	2	2456
0	2	2	2	1	ALL	4181
0	2	2	2	2	0	564
0	2	2	2	2	1	194
0	2	2	2	2	2	1460
0	2	2	2	2	ALL	2218
0	2	2	2	ALL	0	2961
0	2	2	2	ALL	1	1580
0	2	2	2	ALL	2	4608
0	2	2	2	ALL	ALL	9149
0	2	2	ALL	0	0	3115
0	2	2	ALL	0	1	3990
0	2	2	ALL	0	2	4288
0	2	2	ALL	0	ALL	11393
0	2	2	ALL	1	0	3477
0	2	2	ALL	1	1	2747
0	2	2	ALL	1	2	5556
0	2	2	ALL	1	ALL	11780
0	2	2	ALL	2	0	2459
0	2	2	ALL	2	1	3003
0	2	2	ALL	2	2	4486
0	2	2	ALL	2	ALL	9948
0	2	2	ALL	ALL	0	9051
0	2	2	ALL	ALL	1	9740
0	2	2	ALL	ALL	2	14330
0	2	2	ALL	ALL	ALL	33121
0	2	ALL	0	0	0	2757
0	2	ALL	0	0	1	4204
0	2	ALL	0	0	2	7184
0	2	ALL	0	0	ALL	14145
0	2	ALL	0	1	0	2253
0	2	ALL	0	1	1	2457
0	2	ALL	0	1	2	3638
0	2	ALL	0	1	ALL	8348
0	2	ALL	0	2	0	2846
0	2	ALL	0	2	1	3475
0	2	ALL	0	2	2	3773
0	2	ALL	0	2	ALL	10094
0	2	ALL	0	ALL	0	7856
0	2	ALL	0	ALL	1	10136
0	2	ALL	0	ALL	2	14595
0	2	ALL	0	ALL	ALL	32587
0	2	ALL	1	0	0	4940
0	2	ALL	1	0	1	4302
0	2	ALL	1	0	2	4049
0	2	ALL	1	0	ALL	13291
0	2	ALL	1	1	0	4573
0	2	ALL	1	1	1	3900
0	2	ALL	1	1	2	6274
0	2	ALL	1	1	ALL	14747
0	2	ALL	1	2	0	1106
0	2	ALL	1	2	1	5077
0	2	ALL	1	2	2	2747
0	2	ALL	1	2	ALL	8930
0	2	ALL	1	ALL	0	10619
0	2	ALL	1	ALL	1	13279
0	2	ALL	1	ALL	2	13070
0	2	ALL	1	ALL	ALL	36968
0	2	ALL	2	0	0	4295
0	2	ALL	2	0	1	3510
0	2	ALL	2	0	2	2877
0	2	ALL	2	0	ALL	10682
0	2	ALL	2	1	0	2894
0	2	ALL	2	1	1	1715
0	2	ALL	2	1	2	3604
0	2	ALL	2	1	ALL	8213
0	2	ALL	2	2	0	583
0	2	ALL	2	2	1	3916
0	2	ALL	2	2	2	3080
0	2	ALL	2	2	ALL	7579
0	2	ALL	2	ALL	0	7772
0	2	ALL	2	ALL	1	9141
0	2	ALL	2	ALL	2	9561
0	2	ALL	2	ALL	ALL	26474
0	2	ALL	ALL	0	0	11992
0	2	ALL	ALL	0	1	12016
0	2	ALL	ALL	0	2	14110
0	2	ALL	ALL	0	ALL	38118
0	2	ALL	ALL	1	0	9720
0	2	ALL	ALL	1	1	8072
0	2	ALL	ALL	1	2	13516
0	2	ALL	ALL	1	ALL	31308
0	2	ALL	ALL	2	0	4535
0	2	ALL	ALL	2	1	12468
0	2	ALL	ALL	2	2	9600
0	2	ALL	ALL	2	ALL	26603
0	2	ALL	ALL	ALL	0	26247
0	2	ALL	ALL	ALL	1	32556
0	2	ALL	ALL	ALL	2	37226
0	2	ALL	ALL	ALL	ALL	96029
0	ALL	0	0	0	0	4867
0	ALL	0	0	0	1	4149
0	ALL	0	0	0	2	6078
0	ALL	0	0	0	ALL	15094
0	ALL	0	0	1	0	1788
0	ALL	0	0	1	1	4113
0	ALL	0	0	1	2	5028
0	ALL	0	0	1	ALL	10929
0	ALL	0	0	2	0	1832
0	ALL	0	0	2	1	5835
0	ALL	0	0	2	2	3390
0	ALL	0	0	2	ALL	11057
0	ALL	0	0	ALL	0	8487
0	ALL	0	0	ALL	1	14097
0	ALL	0	0	ALL	2	14496
0	ALL	0	0	ALL	ALL	37080
0	ALL	0	1	0	0	4915
0	ALL	0	1	0	1	6497
0	ALL	0	1	0	2	4271
0	ALL	0	1	0	ALL	15683
0	ALL	0	1	1	0	961
0	ALL	0	1	1	1	4383
0	ALL	0	1	1	2	4962
0	ALL	0	1	1	ALL	10306
0	ALL	0	1	2	0	2473
0	ALL	0	1	2	1	2379
0	ALL	0	1	2	2	3258
0	ALL	0	1	2	ALL	8110
0	ALL	0	1	ALL	0	8349
0	ALL	0	1	ALL	1	13259
0	ALL	0	1	ALL	2	12491
0	ALL	0	1	ALL	ALL	34099
0	ALL	0	2	0	0	4083
0	ALL	0	2	0	1	7925
0	ALL	0	2	0	2	397
0	ALL	0	2	0	ALL	12405
0	ALL	0	2	1	0	2483
0	ALL	0	2	1	1	3934
0	ALL	0	2	1	2	3318
0	ALL	0	2	1	ALL	9735
0	ALL	0	2	2	0	2193
0	ALL	0	2	2	1	5895
0	ALL	0	2	2	2	2770
0	ALL	0	2	2	ALL	10858
0	ALL	0	2	ALL	0	8759
0	ALL	0	2	ALL	1	17754
0	ALL	0	2	ALL	2	6485
0	ALL	0	2	ALL	ALL	32998
0	ALL	0	ALL	0	0	13865
0	ALL	0	ALL	0	1	18571
0	ALL	0	ALL	0	2	10746
0	ALL	0	ALL	0	ALL	43182
0	ALL	0	ALL	1	0	5232
0	ALL	0	ALL	1	1	12430
0	ALL	0	ALL	1	2	13308
0	ALL	0	ALL	1	ALL	30970
0	ALL	0	ALL	2	0	6498
0	ALL	0	ALL	2	1	14109
0	ALL	0	ALL	2	2	9418
0	ALL	0	ALL	2	ALL	30025
0	ALL	0	ALL	ALL	0	25595
0	ALL	0	ALL	ALL	1	45110
0	ALL	0	ALL	ALL	2	33472
0	ALL	0	ALL	ALL	ALL	104177
0	ALL	1	0	0	0	4890
0	ALL	1	0	0	1	2319
0	ALL	1	0	0	2	6052
0	ALL	1	0	0	ALL	13261
0	ALL	1	0	1	0	4649
0	ALL	1	0	1	1	2948
0	ALL	1	0	1	2	4734
0	ALL	1	0	1	ALL	12331
0	ALL	1	0	2	0	5021
0	ALL	1	0	2	1	4183
0	ALL	1	0	2	2	4569
0	ALL	1	0	2	ALL	13773
0	ALL	1	0	ALL	0	14560
0	ALL	1	0	ALL	1	9450
0	ALL	1	0	ALL	2	15355
0	ALL	1	0	ALL	ALL	39365
0	ALL	1	1	0	0	7357
0	ALL	1	1	0	1	1955
0	ALL	1	1	0	2	1352
0	ALL	1	1	0	ALL	10664
0	ALL	1	1	1	0	4347
0	ALL	1	1	1	1	2055
0	ALL	1	1	1	2	2234
0	ALL	1	1	1	ALL	8636
0	ALL	1	1	2	0	3496
0	ALL	1	1	2	1	3550
0	ALL	1	1	2	2	1977
0	ALL	1	1	2	ALL	9023
0	ALL	1	1	ALL	0	15200
0	ALL	1	1	ALL	1	7560
0	ALL	1	1	ALL	2	5563
0	ALL	1	1	ALL	ALL	28323
0	ALL	1	2	0	0	4984
0	ALL	1	2	0	1	4829
0	ALL	1	2	0	2	4536
0	ALL	1	2	0	ALL	14349
0	ALL	1	2	1	0	4470
0	ALL	1	2	1	1	4454
0	ALL	1	2	1	2	2854
0	ALL	1	2	1	ALL	11778
0	ALL	1	2	2	0	1009
0	ALL	1	2	2	1	2887
0	ALL	1	2	2	2	6021
0	ALL	1	2	2	ALL	9917
0	ALL	1	2	ALL	0	10463
0	ALL	1	2	ALL	1	12170
0	ALL	1	2	ALL	2	13411
0	ALL	1	2	ALL	ALL	36044
0	ALL	1	ALL	0	0	17231
0	ALL	1	ALL	0	1	9103
0	ALL	1	ALL	0	2	11940
0	ALL	1	ALL	0	ALL	38274
0	ALL	1	ALL	1	0	13466
0	ALL	1	ALL	1	1	9457
0	ALL	1	ALL	1	2	9822
0	ALL	1	ALL	1	ALL	32745
0	ALL	1	ALL	2	0	9526
0	ALL	1	ALL	2	1	10620
0	ALL	1	ALL	2	2	12567
0	ALL	1	ALL	2	ALL	32713
0	ALL	1	ALL	ALL	0	40223
0	ALL	1	ALL	ALL	1	29180
0	ALL	1	ALL	ALL	2	34329
0	ALL	1	ALL	ALL	ALL	103732
0	ALL	2	0	0	0	3502
0	ALL	2	0	0	1	4642
0	ALL	2	0	0	2	2398
0	ALL	2	0	0	ALL	10542
0	ALL	2	0	1	0	3399
0	ALL	2	0	1	1	4622
0	ALL	2	0	1	2	1863
0	ALL	2	0	1	ALL	9884
0	ALL	2	0	2	0	4073
0	ALL	2	0	2	1	2278
0	ALL	2	0	2	2	4241
0	ALL	2	0	2	ALL	10592
0	ALL	2	0	ALL	0	10974
0	ALL	2	0	ALL	1	11542
0	ALL	2	0	ALL	2	8502
0	ALL	2	0	ALL	ALL	31018
0	ALL	2	1	0	0	5546
0	ALL	2	1	0	1	3213
0	ALL	2	1	0	2	2926
0	ALL	2	1	0	ALL	11685
0	ALL	2	1	1	0	2532
0	ALL	2	1	1	1	3904
0	ALL	2	1	1	2	5297
0	ALL	2	1	1	ALL	11733
0	ALL	2	1	2	0	3857
0	ALL	2	1	2	1	6501
0	ALL	2	1	2	2	4381
0	ALL	2	1	2	ALL	14739
0	ALL	2	1	ALL	0	11935
0	ALL	2	1	ALL	1	13618
0	ALL	2	1	ALL	2	12604
0	ALL	2	1	ALL	ALL	38157
0	ALL	2	2	0	0	2652
0	ALL	2	2	0	1	3155
0	ALL	2	2	0	2	1012
0	ALL	2	2	0	ALL	6819
0	ALL	2	2	1	0	3814
0	ALL	2	2	1	1	3066
0	ALL	2	2	1	2	4061
0	ALL	2	2	1	ALL	10941
0	ALL	2	2	2	0	2454
0	ALL	2	2	2	1	4611
0	ALL	2	2	2	2	4672
0	ALL	2	2	2	ALL	11737
0	ALL	2	2	ALL	0	8920
0	ALL	2	2	ALL	1	10832
0	ALL	2	2	ALL	2	9745
0	ALL	2	2	ALL	ALL	29497
0	ALL	2	ALL	0	0	11700
0	ALL	2	ALL	0	1	11010
0	ALL	2	ALL	0	2	6336
0	ALL	2	ALL	0	ALL	29046
0	ALL	2	ALL	1	0	9745
0	ALL	2	ALL	1	1	11592
0	ALL	2	ALL	1	2	11221
0	ALL	2	ALL	1	ALL	32558
0	ALL	2	ALL	2	0	10384
0	ALL	2	ALL	2	1	13390
0	ALL	2	ALL	2	2	13294
0	ALL	2	ALL	2	ALL	37068
0	ALL	2	ALL	ALL	0	31829
0	ALL	2	ALL	ALL	1	35992
0	ALL	2	ALL	ALL	2	30851
0	ALL	2	ALL	ALL	ALL	98672
0	ALL	ALL	0	0	0	13259
0	ALL	ALL	0	0	1	11110
0	ALL	ALL	0	0	2	14528
0	ALL	ALL	0	0	ALL	38897
0	ALL	ALL	0	1	0	9836
0	ALL	ALL	0	1	1	11683
0	ALL	ALL	0	1	2	11625
0	ALL	ALL	0	1	ALL	33144
0	ALL	ALL	0	2	0	10926
0	ALL	ALL	0	2	1	12296
0	ALL	ALL	0	2	2	12200
0	ALL	ALL	0	2	ALL	35422
0	ALL	ALL	0	ALL	0	34021
0	ALL	ALL	0	ALL	1	35089
0	ALL	ALL	0	ALL	2	38353
0	ALL	ALL	0	ALL	ALL	107463
0	ALL	ALL	1	0	0	17818
0	ALL	ALL	1	0	1	11665
0	ALL	ALL	1	0	2	8549
0	ALL	ALL	1	0	ALL	38032
0	ALL	ALL	1	1	0	7840
0	ALL	ALL	1	1	1	10342
0	ALL	ALL	1	1	2	12493
0	ALL	ALL	1	1	ALL	30675
0	ALL	ALL	1	2	0	9826
0	ALL	ALL	1	2	1	12430
0	ALL	ALL	1	2	2	9616
0	ALL	ALL	1	2	ALL	31872
0	ALL	ALL	1	ALL	0	35484
0	ALL	ALL	1	ALL	1	34437
0	ALL	ALL	1	ALL	2	30658
0	ALL	ALL	1	ALL	ALL	100579
0	ALL	ALL	2	0	0	11719
0	ALL	ALL	2	0	1	15909
0	ALL	ALL	2	0	2	5945
0	ALL	ALL	2	0	ALL	33573
0	ALL	ALL	2	1	0	10767
0	ALL	ALL	2	1	1	11454
0	ALL	ALL	2	1	2	10233
0	ALL	ALL	2	1	ALL	32454
0	ALL	ALL	2	2	0	5656
0	ALL	ALL	2	2	1	13393
0	ALL	ALL	2	2	2	13463
0	ALL	ALL	2	2	ALL	32512
0	ALL	ALL	2	ALL	0	28142
0	ALL	ALL	2	ALL	1	40756
0	ALL	ALL	2	ALL	2	29641
0	ALL	ALL	2	ALL	ALL	98539
0	ALL	ALL	ALL	0	0	42796
0	ALL	ALL	ALL	0	1	38684
0	ALL	ALL	ALL	0	2	29022
0	ALL	ALL	ALL	0	ALL	110502
0	ALL	ALL	ALL	1	0	28443
0	ALL	ALL	ALL	1	1	33479
0	ALL	ALL	ALL	1	2	34351
0	ALL	ALL	ALL	1	ALL	96273
0	ALL	ALL	ALL	2	0	26408
0	ALL	ALL	ALL	2	1	38119
0	ALL	ALL	ALL	2	2	35279
0	ALL	ALL	ALL	2	ALL	99806
0	ALL	ALL	ALL	ALL	0	97647
0	ALL	ALL	ALL	ALL	1	110282
0	ALL	ALL	ALL	ALL	2	98652
0	ALL	ALL	ALL	ALL	ALL	306581
1	0	0	0	0	0	865
1	0	0	0	0	1	1292
1	0	0	0	0	2	2483
1	0	0	0	0	ALL	4640
1	0	0	0	1	0	415
1	0	0	0	1	1	1192
1	0	0	0	1	2	5
1	0	0	0	1	ALL	1612
1	0	0	0	2	0	1816
1	0	0	0	2	1	392
1	0	0	0	2	2	1367
1	0	0	0	2	ALL	3575
1	0	0	0	ALL	0	3096
1	0	0	0	ALL	1	2876
1	0	0	0	ALL	2	3855
1	0	0	0	ALL	ALL	9827
1	0	0	1	0	0	211
1	0	0	1	0	1	1115
1	0	0	1	0	2	563
1	0	0	1	0	ALL	1889
1	0	0	1	1	0	107
1	0	0	1	1	1	331
1	0	0	1	1	2	3882
1	0	0	1	1	ALL	4320
1	0	0	1	2	0	2385
1	0	0	1	2	1	417
1	0	0	1	2	2	2530
1	0	0	1	2	ALL	5332
1	0	0	1	ALL	0	2703
1	0	0	1	ALL	1	1863
1	0	0	1	ALL	2	6975
1	0	0	1	ALL	ALL	11541
1	0	0	2	0	0	557
1	0	0	2	0	1	2458
1	0	0	2	0	2	323
1	0	0	2	0	ALL	3338
1	0	0	2	1	0	1191
1	0	0	2	1	1	894
1	0	0	2	1	2	1348
1	0	0	2	1	ALL	3433
1	0	0	2	2	0	1633
1	0	0	2	2	1	1134
1	0	0	2	2	2	505
1	0	0	2	2	ALL	3272
1	0	0	2	ALL	0	3381
1	0	0	2	ALL	1	4486
1	0	0	2	ALL	2	2176
1	0	0	2	ALL	ALL	10043
1	0	0	ALL	0	0	1633
1	0	0	ALL	0	1	4865
1	0	0	ALL	0	2	3369
1	0	0	ALL	0	ALL	9867
1	0	0	ALL	1	0	1713
1	0	0	ALL	1	1	2417
1	0	0	ALL	1	2	5235
1	0	0	ALL	1	ALL	9365
1	0	0	ALL	2	0	5834
1	0	0	ALL	2	1	1943
1	0	0	ALL	2	2	4402
1	0	0	ALL	2	ALL	12179
1	0	0	ALL	ALL	0	9180
1	0	0	ALL	ALL	1	9225
1	0	0	ALL	ALL	2	13006
1	0	0	ALL	ALL	ALL	31411
1	0	1	0	0	0	1360
1	0	1	0	0	1	61
1	0	1	0	0	2	2380
1	0	1	0	0	ALL	3801
1	0	1	0	1	0	4314
1	0	1	0	1	1	835
1	0	1	0	1	2	758
1	0	1	0	1	ALL	5907
1	0	1	0	2	0	1987
1	0	1	0	2	1	2121
1	0	1	0	2	2	1734
1	0	1	0	2	ALL	5842
1	0	1	0	ALL	0	7661
1	0	1	0	ALL	1	3017
1	0	1	0	ALL	2	4872
1	0	1	0	ALL	ALL	15550
1	0	1	1	0	0	2690
1	0	1	1	0	1	961
1	0	1	1	0	2	631
1	0	1	1	0	ALL	4282
1	0	1	1	1	0	1463
1	0	1	1	1	1	1522
1	0	1	1	1	2	482
1	0	1	1	1	ALL	3467
1	0	1	1	2	0	1734
1	0	1	1	2	1	2435
1	0	1	1	2	2	1086
1	0	1	1	2	ALL	5255
1	0	1	1	ALL	0	5887
1	0	1	1	ALL	1	4918
1	0	1	1	ALL	2	2199
1	0	1	1	ALL	ALL	13004
1	0	1	2	0	0	1749
1	0	1	2	0	1	2049
1	0	1	2	0	2	782
1	0	1	2	0	ALL	4580
1	0	1	2	1	0	837
1	0	1	2	1	1	418
1	0	1	2	1	2	317
1	0	1	2	1	ALL	1572
1	0	1	2	2	0	1640
1	0	1	2	2	1	358
1	0	1	2	2	2	2458
1	0	1	2	2	ALL	4456
1	0	1	2	ALL	0	4226
1	0	1	2	ALL	1	2825
1	0	1	2	ALL	2	3557
1	0	1	2	ALL	ALL	10608
1	0	1	ALL	0	0	5799
1	0	1	ALL	0	1	3071
1	0	1	ALL	0	2	3793
1	0	1	ALL	0	ALL	12663
1	0	1	ALL	1	0	6614
1	0	1	ALL	1	1	2775
1	0	1	ALL	1	2	1557
1	0	1	ALL	1	ALL	10946
1	0	1	ALL	2	0	5361
1	0	1	ALL	2	1	4914
1	0	1	ALL	2	2	5278
1	0	1	ALL	2	ALL	15553
1	0	1	ALL	ALL	0	17774
1	0	1	ALL	ALL	1	10760
1	0	1	ALL	ALL	2	10628
1	0	1	ALL	ALL	ALL	39162
1	0	2	0	0	0	1371
1	0	2	0	0	1	1423
1	0	2	0	0	2	834
1	0	2	0	0	ALL	3628
1	0	2	0	1	0	915
1	0	2	0	1	1	1871
1	0	2	0	1	2	552
1	0	2	0	1	ALL	3338
1	0	2	0	2	0	81
1	0	2	0	2	1	2304
1	0	2	0	2	2	1998
1	0	2	0	2	ALL	4383
1	0	2	0	ALL	0	2367
1	0	2	0	ALL	1	5598
1	0	2	0	ALL	2	3384
1	0	2	0	ALL	ALL	11349
1	0	2	1	0	1	1435
1	0	2	1	0	2	2418
1	0	2	1	0	ALL	3853
1	0	2	1	1	0	805
1	0	2	1	1	1	1310
1	0	2	1	1	2	2565
1	0	2	1	1	ALL	4680
1	0	2	1	2	0	1927
1	0	2	1	2	1	1474
1	0	2	1	2	2	1415
1	0	2	1	2	ALL	4816
1	0	2	1	ALL	0	2732
1	0	2	1	ALL	1	4219
1	0	2	1	ALL	2	6398
1	0	2	1	ALL	ALL	13349
1	0	2	2	0	0	1303
1	0	2	2	0	1	4044
1	0	2	2	0	2	2279
1	0	2	2	0	ALL	7626
1	0	2	2	1	0	466
1	0	2	2	1	1	1229
1	0	2	2	1	2	510
1	0	2	2	1	ALL	2205
1	0	2	2	2	0	1421
1	0	2	2	2	1	1894
1	0	2	2	2	2	3154
1	0	2	2	2	ALL	6469
1	0	2	2	ALL	0	3190
1	0	2	2	ALL	1	7167
1	0	2	2	ALL	2	5943
1	0	2	2	ALL	ALL	16300
1	0	2	ALL	0	0	2674
1	0	2	ALL	0	1	6902
1	0	2	ALL	0	2	5531
1	0	2	ALL	0	ALL	15107
1	0	2	ALL	1	0	2186
1	0	2	ALL	1	1	4410
1	0	2	ALL	1	2	3627
1	0	2	ALL	1	ALL	10223
1	0	2	ALL	2	0	3429
1	0	2	ALL	2	1	5672
1	0	2	ALL	2	2	6567
1	0	2	ALL	2	ALL	15668
1	0	2	ALL	ALL	0	8289
1	0	2	ALL	ALL	1	16984
1	0	2	ALL	ALL	2	15725
1	0	2	ALL	ALL	ALL	40998
1	0	ALL	0	0	0	3596
1	0	ALL	0	0	1	2776
1	0	ALL	0	0	2	5697
1	0	ALL	0	0	ALL	12069
1	0	ALL	0	1	0	5644
1	0	ALL	0	1	1	3898
1	0	ALL	0	1	2	1315
1	0	ALL	0	1	ALL	10857
1	0	ALL	0	2	0	3884
1	0	ALL	0	2	1	4817
1	0	ALL	0	2	2	5099
1	0	ALL	0	2	ALL	13800
1	0	ALL	0	ALL	0	13124
1	0	ALL	0	ALL	1	11491
1	0	ALL	0	ALL	2	12111
1	0	ALL	0	ALL	ALL	36726
1	0	ALL	1	0	0	2901
1	0	ALL	1	0	1	3511
1	0	ALL	1	0	2	3612
1	0	ALL	1	0	ALL	10024
1	0	ALL	1	1	0	2375
1	0	ALL	1	1	1	3163
1	0	ALL	1	1	2	6929
1	0	ALL	1	1	ALL	12467
1	0	ALL	1	2	0	6046
1	0	ALL	1	2	1	4326
1	0	ALL	1	2	2	5031
1	0	ALL	1	2	ALL	15403
1	0	ALL	1	ALL	0	11322
1	0	ALL	1	ALL	1	11000
1	0	ALL	1	ALL	2	15572
1	0	ALL	1	ALL	ALL	37894
1	0	ALL	2	0	0	3609
1	0	ALL	2	0	1	8551
1	0	ALL	2	0	2	3384
1	0	ALL	2	0	ALL	15544
1	0	ALL	2	1	0	2494
1	0	ALL	2	1	1	2541
1	0	ALL	2	1	2	2175
1	0	ALL	2	1	ALL	7210
1	0	ALL	2	2	0	4694
1	0	ALL	2	2	1	3386
1	0	ALL	2	2	2	6117
1	0	ALL	2	2	ALL	14197
1	0	ALL	2	ALL	0	10797
1	0	ALL	2	ALL	1	14478
1	0	ALL	2	ALL	2	11676
1	0	ALL	2	ALL	ALL	36951
1	0	ALL	ALL	0	0	10106
1	0	ALL	ALL	0	1	14838
1	0	ALL	ALL	0	2	12693
1	0	ALL	ALL	0	ALL	37637
1	0	ALL	ALL	1	0	10513
1	0	ALL	ALL	1	1	9602
1	0	ALL	ALL	1	2	10419
1	0	ALL	ALL	1	ALL	30534
1	0	ALL	ALL	2	0	14624
1	0	ALL	ALL	2	1	12529
1	0	ALL	ALL	2	2	16247
1	0	ALL	ALL	2	ALL	43400
1	0	ALL	ALL	ALL	0	35243
1	0	ALL	ALL	ALL	1	36969
1	0	ALL	ALL	ALL	2	39359
1	0	ALL	ALL	ALL	ALL	111571
1	1	0	0	0	0	803
1	1	0	0	0	1	1612
1	1	0	0	0	2	1437
1	1	0	0	0	ALL	3852
1	1	0	0	1	0	1664
1	1	0	0	1	ALL	1664
1	1	0	0	2	0	1460
1	1	0	0	2	1	558
1	1	0	0	2	2	1027
1	1	0	0	2	ALL	3045
1	1	0	0	ALL	0	3927
1	1	0	0	ALL	1	2170
1	1	0	0	ALL	2	2464
1	1	0	0	ALL	ALL	8561
1	1	0	1	0	0	2268
1	1	0	1	0	1	1249
1	1	0	1	0	2	523
1	1	0	1	0	ALL	4040
1	1	0	1	1	0	1583
1	1	0	1	1	1	948
1	1	0	1	1	2	1721
1	1	0	1	1	ALL	4252
1	1	0	1	2	0	1322
1	1	0	1	2	1	2234
1	1	0	1	2	2	1772
1	1	0	1	2	ALL	5328
1	1	0	1	ALL	0	5173
1	1	0	1	ALL	1	4431
1	1	0	1	ALL	2	4016
1	1	0	1	ALL	ALL	13620
1	1	0	2	0	0	1656
1	1	0	2	0	1	921
1	1	0	2	0	2	9
1	1	0	2	0	ALL	2586
1	1	0	2	1	1	667
1	1	0	2	1	ALL	667
1	1	0	2	2	0	2760
1	1	0	2	2	1	1525
1	1	0	2	2	2	1133
1	1	0	2	2	ALL	5418
1	1	0	2	ALL	0	4416
1	1	0	2	ALL	1	3113
1	1	0	2	ALL	2	1142
1	1	0	2	ALL	ALL	8671
1	1	0	ALL	0	0	4727
1	1	0	ALL	0	1	3782
1	1	0	ALL	0	2	1969
1	1	0	ALL	0	ALL	10478
1	1	0	ALL	1	0	3247
1	1	0	ALL	1	1	1615
1	1	0	ALL	1	2	1721
1	1	0	ALL	1	ALL	6583
1	1	0	ALL	2	0	5542
1	1	0	ALL	2	1	4317
1	1	0	ALL	2	2	3932
1	1	0	ALL	2	ALL	13791
1	1	0	ALL	ALL	0	13516
1	1	0	ALL	ALL	1	9714
1	1	0	ALL	ALL	2	7622
1	1	0	ALL	ALL	ALL	30852
1	1	1	0	0	0	864
1	1	1	0	0	1	767
1	1	1	0	0	2	2081
1	1	1	0	0	ALL	3712
1	1	1	0	1	0	1760
1	1	1	0	1	1	1363
1	1	1	0	1	2	1093
1	1	1	0	1	ALL	4216
1	1	1	0	2	0	1460
1	1	1	0	2	1	1370
1	1	1	0	2	2	977
1	1	1	0	2	ALL	3807
1	1	1	0	ALL	0	4084
1	1	1	0	ALL	1	3500
1	1	1	0	ALL	2	4151
1	1	1	0	ALL	ALL	11735
1	1	1	1	0	0	2003
1	1	1	1	0	1	1950
1	1	1	1	0	2	903
1	1	1	1	0	ALL	4856
1	1	1	1	1	0	1480
1	1	1	1	1	2	1797
1	1	1	1	1	ALL	3277
1	1	1	1	2	0	618
1	1	1	1	2	1	3417
1	1	1	1	2	2	727
1	1	1	1	2	ALL	4762
1	1	1	1	ALL	0	4101
1	1	1	1	ALL	1	5367
1	1	1	1	ALL	2	3427
1	1	1	1	ALL	ALL	12895
1	1	1	2	0	0	1025
1	1	1	2	0	1	128
1	1	1	2	0	2	2108
1	1	1	2	0	ALL	3261
1	1	1	2	1	0	1320
1	1	1	2	1	1	103
1	1	1	2	1	2	877
1	1	1	2	1	ALL	2300
1	1	1	2	2	0	562
1	1	1	2	2	1	426
1	1	1	2	2	2	1603
1	1	1	2	2	ALL	2591
1	1	1	2	ALL	0	2907
1	1	1	2	ALL	1	657
1	1	1	2	ALL	2	4588
1	1	1	2	ALL	ALL	8152
1	1	1	ALL	0	0	3892
1	1	1	ALL	0	1	2845
1	1	1	ALL	0	2	5092
1	1	1	ALL	0	ALL	11829
1	1	1	ALL	1	0	4560
1	1	1	ALL	1	1	1466
1	1	1	ALL	1	2	3767
1	1	1	ALL	1	ALL	9793
1	1	1	ALL	2	0	2640
1	1	1	ALL	2	1	5213
1	1	1	ALL	2	2	3307
1	1	1	ALL	2	ALL	11160
1	1	1	ALL	ALL	0	11092
1	1	1	ALL	ALL	1	9524
1	1	1	ALL	ALL	2	12166
1	1	1	ALL	ALL	ALL	32782
1	1	2	0	0	0	2120
1	1	2	0	0	1	1201
1	1	2	0	0	2	2156
1	1	2	0	0	ALL	5477
1	1	2	0	1	0	1344
1	1	2	0	1	1	1205
1	1	2	0	1	2	380
1	1	2	0	1	ALL	2929
1	1	2	0	2	0	1111
1	1	2	0	2	1	1517
1	1	2	0	2	2	321
1	1	2	0	2	ALL	2949
1	1	2	0	ALL	0	4575
1	1	2	0	ALL	1	3923
1	1	2	0	ALL	2	2857
1	1	2	0	ALL	ALL	11355
1	1	2	1	0	1	2494
1	1	2	1	0	2	798
1	1	2	1	0	ALL	3292
1	1	2	1	1	0	745
1	1	2	1	1	1	1922
1	1	2	1	1	2	639
1	1	2	1	1	ALL	3306
1	1	2	1	2	0	2194
1	1	2	1	2	1	2308
1	1	2	1	2	2	868
1	1	2	1	2	ALL	5370
1	1	2	1	ALL	0	2939
1	1	2	1	ALL	1	6724
1	1	2	1	ALL	2	2305
1	1	2	1	ALL	ALL	11968
1	1	2	2	0	0	1670
1	1	2	2	0	1	156
1	1	2	2	0	2	1097
1	1	2	2	0	ALL	2923
1	1	2	2	1	0	892
1	1	2	2	1	1	4581
1	1	2	2	1	2	1222
1	1	2	2	1	ALL	6695
1	1	2	2	2	0	483
1	1	2	2	2	2	424
1	1	2	2	2	ALL	907
1	1	2	2	ALL	0	3045
1	1	2	2	ALL	1	4737
1	1	2	2	ALL	2	2743
1	1	2	2	ALL	ALL	10525
1	1	2	ALL	0	0	3790
1	1	2	ALL	0	1	3851
1	1	2	ALL	0	2	4051
1	1	2	ALL	0	ALL	11692
1	1	2	ALL	1	0	2981
1	1	2	ALL	1	1	7708
1	1	2	ALL	1	2	2241
1	1	2	ALL	1	ALL	12930
1	1	2	ALL	2	0	3788
1	1	2	ALL	2	1	3825
1	1	2	ALL	2	2	1613
1	1	2	ALL	2	ALL	9226
1	1	2	ALL	ALL	0	10559
1	1	2	ALL	ALL	1	15384
1	1	2	ALL	ALL	2	7905
1	1	2	ALL	ALL	ALL	33848
1	1	ALL	0	0	0	3787
1	1	ALL	0	0	1	3580
1	1	ALL	0	0	2	5674
1	1	ALL	0	0	ALL	13041
1	1	ALL	0	1	0	4768
1	1	ALL	0	1	1	2568
1	1	ALL	0	1	2	1473
1	1	ALL	0	1	ALL	8809
1	1	ALL	0	2	0	4031
1	1	ALL	0	2	1	3445
1	1	ALL	0	2	2	2325
1	1	ALL	0	2	ALL	9801
1	1	ALL	0	ALL	0	12586
1	1	ALL	0	ALL	1	9593
1	1	ALL	0	ALL	2	9472
1	1	ALL	0	ALL	ALL	31651
1	1	ALL	1	0	0	4271
1	1	ALL	1	0	1	5693
1	1	ALL	1	0	2	2224
1	1	ALL	1	0	ALL	12188
1	1	ALL	1	1	0	3808
1	1	ALL	1	1	1	2870
1	1	ALL	1	1	2	4157
1	1	ALL	1	1	ALL	10835
1	1	ALL	1	2	0	4134
1	1	ALL	1	2	1	7959
1	1	ALL	1	2	2	3367
1	1	ALL	1	2	ALL	15460
1	1	ALL	1	ALL	0	12213
1	1	ALL	1	ALL	1	16522
1	1	ALL	1	ALL	2	9748
1	1	ALL	1	ALL	ALL	38483
1	1	ALL	2	0	0	4351
1	1	ALL	2	0	1	1205
1	1	ALL	2	0	2	3214
1	1	ALL	2	0	ALL	8770
1	1	ALL	2	1	0	2212
1	1	ALL	2	1	1	5351
1	1	ALL	2	1	2	2099
1	1	ALL	2	1	ALL	9662
1	1	ALL	2	2	0	3805
1	1	ALL	2	2	1	1951
1	1	ALL	2	2	2	3160
1	1	ALL	2	2	ALL	8916
1	1	ALL	2	ALL	0	10368
1	1	ALL	2	ALL	1	8507
1	1	ALL	2	ALL	2	8473
1	1	ALL	2	ALL	ALL	27348
1	1	ALL	ALL	0	0	12409
1	1	ALL	ALL	0	1	10478
1	1	ALL	ALL	0	2	11112
1	1	ALL	ALL	0	ALL	33999
1	1	ALL	ALL	1	0	10788
1	1	ALL	ALL	1	1	10789
1	1	ALL	ALL	1	2	7729
1	1	ALL	ALL	1	ALL	29306
1	1	ALL	ALL	2	0	11970
1	1	ALL	ALL	2	1	13355
1	1	ALL	ALL	2	2	8852
1	1	ALL	ALL	2	ALL	34177
1	1	ALL	ALL	ALL	0	35167
1	1	ALL	ALL	ALL	1	34622
1	1	ALL	ALL	ALL	2	27693
1	1	ALL	ALL	ALL	ALL	97482
1	2	0	0	0	0	740
1	2	0	0	0	2	495
1	2	0	0	0	ALL	1235
1	2	0	0	1	0	462
1	2	0	0	1	1	1983
1	2	0	0	1	2	1837
1	2	0	0	1	ALL	4282
1	2	0	0	2	0	148
1	2	0	0	2	1	1650
1	2	0	0	2	2	4644
1	2	0	0	2	ALL	6442
1	2	0	0	ALL	0	1350
1	2	0	0	ALL	1	3633
1	2	0	0	ALL	2	6976
1	2	0	0	ALL	ALL	11959
1	2	0	1	0	0	2302
1	2	0	1	0	1	230
1	2	0	1	0	2	2529
1	2	0	1	0	ALL	5061
1	2	0	1	1	0	1780
1	2	0	1	1	1	2262
1	2	0	1	1	2	242
1	2	0	1	1	ALL	4284
1	2	0	1	2	0	857
1	2	0	1	2	1	1306
1	2	0	1	2	2	795
1	2	0	1	2	ALL	2958
1	2	0	1	ALL	0	4939
1	2	0	1	ALL	1	3798
1	2	0	1	ALL	2	3566
1	2	0	1	ALL	ALL	12303
1	2	0	2	0	0	1816
1	2	0	2	0	1	1446
1	2	0	2	0	2	442
1	2	0	2	0	ALL	3704
1	2	0	2	1	0	1009
1	2	0	2	1	1	4582
1	2	0	2	1	2	3257
1	2	0	2	1	ALL	8848
1	2	0	2	2	0	1341
1	2	0	2	2	1	647
1	2	0	2	2	2	1122
1	2	0	2	2	ALL	3110
1	2	0	2	ALL	0	4166
1	2	0	2	ALL	1	6675
1	2	0	2	ALL	2	4821
1	2	0	2	ALL	ALL	15662
1	2	0	ALL	0	0	4858
1	2	0	ALL	0	1	1676
1	2	0	ALL	0	2	3466
1	2	0	ALL	0	ALL	10000
1	2	0	ALL	1	0	3251
1	2	0	ALL	1	1	8827
1	2	0	ALL	1	2	5336
1	2	0	ALL	1	ALL	17414
1	2	0	ALL	2	0	2346
1	2	0	ALL	2	1	3603
1	2	0	ALL	2	2	6561
1	2	0	ALL	2	ALL	12510
1	2	0	ALL	ALL	0	10455
1	2	0	ALL	ALL	1	14106
1	2	0	ALL	ALL	2	15363
1	2	0	ALL	ALL	ALL	39924
1	2	1	0	0	0	2719
1	2	1	0	0	1	1992
1	2	1	0	0	2	1229
1	2	1	0	0	ALL	5940
1	2	1	0	1	0	405
1	2	1	0	1	1	1275
1	2	1	0	1	2	2230
1	2	1	0	1	ALL	3910
1	2	1	0	2	0	265
1	2	1	0	2	1	2839
1	2	1	0	2	2	1658
1	2	1	0	2	ALL	4762
1	2	1	0	ALL	0	3389
1	2	1	0	ALL	1	6106
1	2	1	0	ALL	2	5117
1	2	1	0	ALL	ALL	14612
1	2	1	1	0	0	324
1	2	1	1	0	1	1174
1	2	1	1	0	2	2355
1	2	1	1	0	ALL	3853
1	2	1	1	1	0	1151
1	2	1	1	1	1	2742
1	2	1	1	1	2	668
1	2	1	1	1	ALL	4561
1	2	1	1	2	0	192
1	2	1	1	2	1	1055
1	2	1	1	2	2	4943
1	2	1	1	2	ALL	6190
1	2	1	1	ALL	0	1667
1	2	1	1	ALL	1	4971
1	2	1	1	ALL	2	7966
1	2	1	1	ALL	ALL	14604
1	2	1	2	0	0	216
1	2	1	2	0	1	2241
1	2	1	2	0	ALL	2457
1	2	1	2	1	0	978
1	2	1	2	1	1	1132
1	2	1	2	1	ALL	2110
1	2	1	2	2	0	737
1	2	1	2	2	1	1430
1	2	1	2	2	2	1969
1	2	1	2	2	ALL	4136
1	2	1	2	ALL	0	1931
1	2	1	2	ALL	1	4803
1	2	1	2	ALL	2	1969
1	2	1	2	ALL	ALL	8703
1	2	1	ALL	0	0	3259
1	2	1	ALL	0	1	5407
1	2	1	ALL	0	2	3584
1	2	1	ALL	0	ALL	12250
1	2	1	ALL	1	0	2534
1	2	1	ALL	1	1	5149
1	2	1	ALL	1	2	2898
1	2	1	ALL	1	ALL	10581
1	2	1	ALL	2	0	1194
1	2	1	ALL	2	1	5324
1	2	1	ALL	2	2	8570
1	2	1	ALL	2	ALL	15088
1	2	1	ALL	ALL	0	6987
1	2	1	ALL	ALL	1	15880
1	2	1	ALL	ALL	2	15052
1	2	1	ALL	ALL	ALL	37919
1	2	2	0	0	0	61
1	2	2	0	0	1	1629
1	2	2	0	0	2	515
1	2	2	0	0	ALL	2205
1	2	2	0	1	0	3660
1	2	2	0	1	1	2181
1	2	2	0	1	2	706
1	2	2	0	1	ALL	6547
1	2	2	0	2	0	473
1	2	2	0	2	1	1055
1	2	2	0	2	2	3068
1	2	2	0	2	ALL	4596
1	2	2	0	ALL	0	4194
1	2	2	0	ALL	1	4865
1	2	2	0	ALL	2	4289
1	2	2	0	ALL	ALL	13348
1	2	2	1	0	0	267
1	2	2	1	0	1	266
1	2	2	1	0	2	1251
1	2	2	1	0	ALL	1784
1	2	2	1	1	0	1769
1	2	2	1	1	1	389
1	2	2	1	1	2	2054
1	2	2	1	1	ALL	4212
1	2	2	1	2	0	2172
1	2	2	1	2	1	388
1	2	2	1	2	2	279
1	2	2	1	2	ALL	2839
1	2	2	1	ALL	0	4208
1	2	2	1	ALL	1	1043
1	2	2	1	ALL	2	3584
1	2	2	1	ALL	ALL	8835
1	2	2	2	0	0	1012
1	2	2	2	0	1	960
1	2	2	2	0	2	2254
1	2	2	2	0	ALL	4226
1	2	2	2	1	0	1808
1	2	2	2	1	1	1627
1	2	2	2	1	2	2815
1	2	2	2	1	ALL	6250
1	2	2	2	2	0	1520
1	2	2	2	2	1	1422
1	2	2	2	2	ALL	2942
1	2	2	2	ALL	0	4340
1	2	2	2	ALL	1	4009
1	2	2	2	ALL	2	5069
1	2	2	2	ALL	ALL	13418
1	2	2	ALL	0	0	1340
1	2	2	ALL	0	1	2855
1	2	2	ALL	0	2	4020
1	2	2	ALL	0	ALL	8215
1	2	2	ALL	1	0	7237
1	2	2	ALL	1	1	4197
1	2	2	ALL	1	2	5575
1	2	2	ALL	1	ALL	17009
1	2	2	ALL	2	0	4165
1	2	2	ALL	2	1	2865
1	2	2	ALL	2	2	3347
1	2	2	ALL	2	ALL	10377
1	2	2	ALL	ALL	0	12742
1	2	2	ALL	ALL	1	9917
1	2	2	ALL	ALL	2	12942
1	2	2	ALL	ALL	ALL	35601
1	2	ALL	0	0	0	3520
1	2	ALL	0	0	1	3621
1	2	ALL	0	0	2	2239
1	2	ALL	0	0	ALL	9380
1	2	ALL	0	1	0	4527
1	2	ALL	0	1	1	5439
1	2	ALL	0	1	2	4773
1	2	ALL	0	1	ALL	14739
1	2	ALL	0	2	0	886
1	2	ALL	0	2	1	5544
1	2	ALL	0	2	2	9370
1	2	ALL	0	2	ALL	15800
1	2	ALL	0	ALL	0	8933
1	2	ALL	0	ALL	1	14604
1	2	ALL	0	ALL	2	16382
1	2	ALL	0	ALL	ALL	39919
1	2	ALL	1	0	0	2893
1	2	ALL	1	0	1	1670
1	2	ALL	1	0	2	6135
1	2	ALL	1	0	ALL	10698
1	2	ALL	1	1	0	4700
1	2	ALL	1	1	1	5393
1	2	ALL	1	1	2	2964
1	2	ALL	1	1	ALL	13057
1	2	ALL	1	2	0	3221
1	2	ALL	1	2	1	2749
1	2	ALL	1	2	2	6017
1	2	ALL	1	2	ALL	11987
1	2	ALL	1	ALL	0	10814
1	2	ALL	1	ALL	1	9812
1	2	ALL	1	ALL	2	15116
1	2	ALL	1	ALL	ALL	35742
1	2	ALL	2	0	0	3044
1	2	ALL	2	0	1	4647
1	2	ALL	2	0	2	2696
1	2	ALL	2	0	ALL	10387
1	2	ALL	2	1	0	3795
1	2	ALL	2	1	1	7341
1	2	ALL	2	1	2	6072
1	2	ALL	2	1	ALL	17208
1	2	ALL	2	2	0	3598
1	2	ALL	2	2	1	3499
1	2	ALL	2	2	2	3091
1	2	ALL	2	2	ALL	10188
1	2	ALL	2	ALL	0	10437
1	2	ALL	2	ALL	1	15487
1	2	ALL	2	ALL	2	11859
1	2	ALL	2	ALL	ALL	37783
1	2	ALL	ALL	0	0	9457
1	2	ALL	ALL	0	1	9938
1	2	ALL	ALL	0	2	11070
1	2	ALL	ALL	0	ALL	30465
1	2	ALL	ALL	1	0	13022
1	2	ALL	ALL	1	1	18173
1	2	ALL	ALL	1	2	13809
1	2	ALL	ALL	1	ALL	45004
1	2	ALL	ALL	2	0	7705
1	2	ALL	ALL	2	1	11792
1	2	ALL	ALL	2	2	18478
1	2	ALL	ALL	2	ALL	37975
1	2	ALL	ALL	ALL	0	30184
1	2	ALL	ALL	ALL	1	39903
1	2	ALL	ALL	ALL	2	43357
1	2	ALL	ALL	ALL	ALL	113444
1	ALL	0	0	0	0	2408
1	ALL	0	0	0	1	2904
1	ALL	0	0	0	2	4415
1	ALL	0	0	0	ALL	9727
1	ALL	0	0	1	0	2541
1	ALL	0	0	1	1	3175
1	ALL	0	0	1	2	1842
1	ALL	0	0	1	ALL	7558
1	ALL	0	0	2	0	3424
1	ALL	0	0	2	1	2600
1	ALL	0	0	2	2	7038
1	ALL	0	0	2	ALL	13062
1	ALL	0	0	ALL	0	8373
1	ALL	0	0	ALL	1	8679
1	ALL	0	0	ALL	2	13295
1	ALL	0	0	ALL	ALL	30347
1	ALL	0	1	0	0	4781
1	ALL	0	1	0	1	2594
1	ALL	0	1	0	2	3615
1	ALL	0	1	0	ALL	10990
1	ALL	0	1	1	0	3470
1	ALL	0	1	1	1	3541
1	ALL	0	1	1	2	5845
1	ALL	0	1	1	ALL	12856
1	ALL	0	1	2	0	4564
1	ALL	0	1	2	1	3957
1	ALL	0	1	2	2	5097
1	ALL	0	1	2	ALL	13618
1	ALL	0	1	ALL	0	12815
1	ALL	0	1	ALL	1	10092
1	ALL	0	1	ALL	2	14557
1	ALL	0	1	ALL	ALL	37464
1	ALL	0	2	0	0	4029
1	ALL	0	2	0	1	4825
1	ALL	0	2	0	2	774
1	ALL	0	2	0	ALL	9628
1	ALL	0	2	1	0	2200
1	ALL	0	2	1	1	6143
1	ALL	0	2	1	2	4605
1	ALL	0	2	1	ALL	12948
1	ALL	0	2	2	0	5734
1	ALL	0	2	2	1	3306
1	ALL	0	2	2	2	2760
1	ALL	0	2	2	ALL	11800
1	ALL	0	2	ALL	0	11963
1	ALL	0	2	ALL	1	14274
1	ALL	0	2	ALL	2	8139
1	ALL	0	2	ALL	ALL	34376
1	ALL	0	ALL	0	0	11218
1	ALL	0	ALL	0	1	10323
1	ALL	0	ALL	0	2	8804
1	ALL	0	ALL	0	ALL	30345
1	ALL	0	ALL	1	0	8211
1	ALL	0	ALL	1	1	12859
1	ALL	0	ALL	1	2	12292
1	ALL	0	ALL	1	ALL	33362
1	ALL	0	ALL	2	0	13722
1	ALL	0	ALL	2	1	9863
1	ALL	0	ALL	2	2	14895
1	ALL	0	ALL	2	ALL	38480
1	ALL	0	ALL	ALL	0	33151
1	ALL	0	ALL	ALL	1	33045
1	ALL	0	ALL	ALL	2	35991
1	ALL	0	ALL	ALL	ALL	102187
1	ALL	1	0	0	0	4943
1	ALL	1	0	0	1	2820
1	ALL	1	0	0	2	5690
1	ALL	1	0	0	ALL	13453
1	ALL	1	0	1	0	6479
1	ALL	1	0	1	1	3473
1	ALL	1	0	1	2	4081
1	ALL	1	0	1	ALL	14033
1	ALL	1	0	2	0	3712
1	ALL	1	0	2	1	6330
1	ALL	1	0	2	2	4369
1	ALL	1	0	2	ALL	14411
1	ALL	1	0	ALL	0	15134
1	ALL	1	0	ALL	1	12623
1	ALL	1	0	ALL	2	14140
1	ALL	1	0	ALL	ALL	41897
1	ALL	1	1	0	0	5017
1	ALL	1	1	0	1	4085
1	ALL	1	1	0	2	3889
1	ALL	1	1	0	ALL	12991
1	ALL	1	1	1	0	4094
1	ALL	1	1	1	1	4264
1	ALL	1	1	1	2	2947
1	ALL	1	1	1	ALL	11305
1	ALL	1	1	2	0	2544
1	ALL	1	1	2	1	6907
1	ALL	1	1	2	2	6756
1	ALL	1	1	2	ALL	16207
1	ALL	1	1	ALL	0	11655
1	ALL	1	1	ALL	1	15256
1	ALL	1	1	ALL	2	13592
1	ALL	1	1	ALL	ALL	40503
1	ALL	1	2	0	0	2990
1	ALL	1	2	0	1	4418
1	ALL	1	2	0	2	2890
1	ALL	1	2	0	ALL	10298
1	ALL	1	2	1	0	3135
1	ALL	1	2	1	1	1653
1	ALL	1	2	1	2	1194
1	ALL	1	2	1	ALL	5982
1	ALL	1	2	2	0	2939
1	ALL	1	2	2	1	2214
1	ALL	1	2	2	2	6030
1	ALL	1	2	2	ALL	11183
1	ALL	1	2	ALL	0	9064
1	ALL	1	2	ALL	1	8285
1	ALL	1	2	ALL	2	10114
1	ALL	1	2	ALL	ALL	27463
1	ALL	1	ALL	0	0	12950
1	ALL	1	ALL	0	1	11323
1	ALL	1	ALL	0	2	12469
1	ALL	1	ALL	0	ALL	36742
1	ALL	1	ALL	1	0	13708
1	ALL	1	ALL	1	1	9390
1	ALL	1	ALL	1	2	8222
1	ALL	1	ALL	1	ALL	31320
1	ALL	1	ALL	2	0	9195
1	ALL	1	ALL	2	1	15451
1	ALL	1	ALL	2	2	17155
1	ALL	1	ALL	2	ALL	41801
1	ALL	1	ALL	ALL	0	35853
1	ALL	1	ALL	ALL	1	36164
1	ALL	1	ALL	ALL	2	37846
1	ALL	1	ALL	ALL	ALL	109863
1	ALL	2	0	0	0	3552
1	ALL	2	0	0	1	4253
1	ALL	2	0	0	2	3505
1	ALL	2	0	0	ALL	11310
1	ALL	2	0	1	0	5919
1	ALL	2	0	1	1	5257
1	ALL	2	0	1	2	1638
1	ALL	2	0	1	ALL	12814
1	ALL	2	0	2	0	1665
1	ALL	2	0	2	1	4876
1	ALL	2	0	2	2	5387
1	ALL	2	0	2	ALL	11928
1	ALL	2	0	ALL	0	11136
1	ALL	2	0	ALL	1	14386
1	ALL	2	0	ALL	2	10530
1	ALL	2	0	ALL	ALL	36052
1	ALL	2	1	0	0	267
1	ALL	2	1	0	1	4195
1	ALL	2	1	0	2	4467
1	ALL	2	1	0	ALL	8929
1	ALL	2	1	1	0	3319
1	ALL	2	1	1	1	3621
1	ALL	2	1	1	2	5258
1	ALL	2	1	1	ALL	12198
1	ALL	2	1	2	0	6293
1	ALL	2	1	2	1	4170
1	ALL	2	1	2	2	2562
1	ALL	2	1	2	ALL	13025
1	ALL	2	1	ALL	0	9879
1	ALL	2	1	ALL	1	11986
1	ALL	2	1	ALL	2	12287
1	ALL	2	1	ALL	ALL	34152
1	ALL	2	2	0	0	3985
1	ALL	2	2	0	1	5160
1	ALL	2	2	0	2	5630
1	ALL	2	2	0	ALL	14775
1	ALL	2	2	1	0	3166
1	ALL	2	2	1	1	7437
1	ALL	2	2	1	2	4547
1	ALL	2	2	1	ALL	15150
1	ALL	2	2	2	0	3424
1	ALL	2	2	2	1	3316
1	ALL	2	2	2	2	3578
1	ALL	2	2	2	ALL	10318
1	ALL	2	2	ALL	0	10575
1	ALL	2	2	ALL	1	15913
1	ALL	2	2	ALL	2	13755
1	ALL	2	2	ALL	ALL	40243
1	ALL	2	ALL	0	0	7804
1	ALL	2	ALL	0	1	13608
1	ALL	2	ALL	0	2	13602
1	ALL	2	ALL	0	ALL	35014
1	ALL	2	ALL	1	0	12404
1	ALL	2	ALL	1	1	16315
1	ALL	2	ALL	1	2	11443
1	ALL	2	ALL	1	ALL	40162
1	ALL	2	ALL	2	0	11382
1	ALL	2	ALL	2	1	12362
1	ALL	2	ALL	2	2	11527
1	ALL	2	ALL	2	ALL	35271
1	ALL	2	ALL	ALL	0	31590
1	ALL	2	ALL	ALL	1	42285
1	ALL	2	ALL	ALL	2	36572
1	ALL	2	ALL	ALL	ALL	110447
1	ALL	ALL	0	0	0	10903
1	ALL	ALL	0	0	1	9977
1	ALL	ALL	0	0	2	13610
1	ALL	ALL	0	0	ALL	34490
1	ALL	ALL	0	1	0	14939
1	ALL	ALL	0	1	1	11905
1	ALL	ALL	0	1	2	7561
1	ALL	ALL	0	1	ALL	34405
1	ALL	ALL	0	2	0	8801
1	ALL	ALL	0	2	1	13806
1	ALL	ALL	0	2	2	16794
1	ALL	ALL	0	2	ALL	39401
1	ALL	ALL	0	ALL	0	34643
1	ALL	ALL	0	ALL	1	35688
1	ALL	ALL	0	ALL	2	37965
1	ALL	ALL	0	ALL	ALL	108296
1	ALL	ALL	1	0	0	10065
1	ALL	ALL	1	0	1	10874
1	ALL	ALL	1	0	2	11971
1	ALL	ALL	1	0	ALL	32910
1	ALL	ALL	1	1	0	10883
1	ALL	ALL	1	1	1	11426
1	ALL	ALL	1	1	2	14050
1	ALL	ALL	1	1	ALL	36359
1	ALL	ALL	1	2	0	13401
1	ALL	ALL	1	2	1	15034
1	ALL	ALL	1	2	2	14415
1	ALL	ALL	1	2	ALL	42850
1	ALL	ALL	1	ALL	0	34349
1	ALL	ALL	1	ALL	1	37334
1	ALL	ALL	1	ALL	2	40436
1	ALL	ALL	1	ALL	ALL	112119
1	ALL	ALL	2	0	0	11004
1	ALL	ALL	2	0	1	14403
1	ALL	ALL	2	0	2	9294
1	ALL	ALL	2	0	ALL	34701
1	ALL	ALL	2	1	0	8501
1	ALL	ALL	2	1	1	15233
1	ALL	ALL	2	1	2	10346
1	ALL	ALL	2	1	ALL	34080
1	ALL	ALL	2	2	0	12097
1	ALL	ALL	2	2	1	8836
1	ALL	ALL	2	2	2	12368
1	ALL	ALL	2	2	ALL	33301
1	ALL	ALL	2	ALL	0	31602
1	ALL	ALL	2	ALL	1	38472
1	ALL	ALL	2	ALL	2	32008
1	ALL	ALL	2	ALL	ALL	102082
1	ALL	ALL	ALL	0	0	31972
1	ALL	ALL	ALL	0	1	35254
1	ALL	ALL	ALL	0	2	34875
1	ALL	ALL	ALL	0	ALL	102101
1	ALL	ALL	ALL	1	0	34323
1	ALL	ALL	ALL	1	1	38564
1	ALL	ALL	ALL	1	2	31957
1	ALL	ALL	ALL	1	ALL	104844
1	ALL	ALL	ALL	2	0	34299
1	ALL	ALL	ALL	2	1	37676
1	ALL	ALL	ALL	2	2	43577
1	ALL	ALL	ALL	2	ALL	115552
1	ALL	ALL	ALL	ALL	0	100594
1	ALL	ALL	ALL	ALL	1	111494
1	ALL	ALL	ALL	ALL	2	110409
1	ALL	ALL	ALL	ALL	ALL	322497
2	0	0	0	0	0	987
2	0	0	0	0	1	1187
2	0	0	0	0	2	336
2	0	0	0	0	ALL	2510
2	0	0	0	1	0	1333
2	0	0	0	1	1	835
2	0	0	0	1	2	2988
2	0	0	0	1	ALL	5156
2	0	0	0	2	1	1416
2	0	0	0	2	2	1136
2	0	0	0	2	ALL	2552
2	0	0	0	ALL	0	2320
2	0	0	0	ALL	1	3438
2	0	0	0	ALL	2	4460
2	0	0	0	ALL	ALL	10218
2	0	0	1	0	0	924
2	0	0	1	0	1	933
2	0	0	1	0	2	692
2	0	0	1	0	ALL	2549
2	0	0	1	1	0	632
2	0	0	1	1	1	333
2	0	0	1	1	2	2683
2	0	0	1	1	ALL	3648
2	0	0	1	2	0	2107
2	0	0	1	2	1	1213
2	0	0	1	2	2	1615
2	0	0	1	2	ALL	4935
2	0	0	1	ALL	0	3663
2	0	0	1	ALL	1	2479
2	0	0	1	ALL	2	4990
2	0	0	1	ALL	ALL	11132
2	0	0	2	0	0	222
2	0	0	2	0	2	1974
2	0	0	2	0	ALL	2196
2	0	0	2	1	0	331
2	0	0	2	1	1	1208
2	0	0	2	1	2	1406
2	0	0	2	1	ALL	2945
2	0	0	2	2	0	1299
2	0	0	2	2	1	891
2	0	0	2	2	2	2025
2	0	0	2	2	ALL	4215
2	0	0	2	ALL	0	1852
2	0	0	2	ALL	1	2099
2	0	0	2	ALL	2	5405
2	0	0	2	ALL	ALL	9356
2	0	0	ALL	0	0	2133
2	0	0	ALL	0	1	2120
2	0	0	ALL	0	2	3002
2	0	0	ALL	0	ALL	7255
2	0	0	ALL	1	0	2296
2	0	0	ALL	1	1	2376
2	0	0	ALL	1	2	7077
2	0	0	ALL	1	ALL	11749
2	0	0	ALL	2	0	3406
2	0	0	ALL	2	1	3520
2	0	0	ALL	2	2	4776
2	0	0	ALL	2	ALL	11702
2	0	0	ALL	ALL	0	7835
2	0	0	ALL	ALL	1	8016
2	0	0	ALL	ALL	2	14855
2	0	0	ALL	ALL	ALL	30706
2	0	1	0	0	0	221
2	0	1	0	0	1	3916
2	0	1	0	0	2	1967
2	0	1	0	0	ALL	6104
2	0	1	0	1	0	2195
2	0	1	0	1	1	1118
2	0	1	0	1	2	1376
2	0	1	0	1	ALL	4689
2	0	1	0	2	0	404
2	0	1	0	2	1	1919
2	0	1	0	2	2	923
2	0	1	0	2	ALL	3246
2	0	1	0	ALL	0	2820
2	0	1	0	ALL	1	6953
2	0	1	0	ALL	2	4266
2	0	1	0	ALL	ALL	14039
2	0	1	1	0	0	1519
2	0	1	1	0	1	1609
2	0	1	1	0	2	1446
2	0	1	1	0	ALL	4574
2	0	1	1	1	0	782
2	0	1	1	1	1	2324
2	0	1	1	1	2	3061
2	0	1	1	1	ALL	6167
2	0	1	1	2	0	2686
2	0	1	1	2	1	2266
2	0	1	1	2	ALL	4952
2	0	1	1	ALL	0	4987
2	0	1	1	ALL	1	6199
2	0	1	1	ALL	2	4507
2	0	1	1	ALL	ALL	15693
2	0	1	2	0	0	983
2	0	1	2	0	1	3824
2	0	1	2	0	2	1125
2	0	1	2	0	ALL	5932
2	0	1	2	1	0	1026
2	0	1	2	1	1	825
2	0	1	2	1	2	2086
2	0	1	2	1	ALL	3937
2	0	1	2	2	0	1187
2	0	1	2	2	1	877
2	0	1	2	2	2	912
2	0	1	2	2	ALL	2976
2	0	1	2	ALL	0	3196
2	0	1	2	ALL	1	5526
2	0	1	2	ALL	2	4123
2	0	1	2	ALL	ALL	12845
2	0	1	ALL	0	0	2723
2	0	1	ALL	0	1	9349
2	0	1	ALL	0	2	4538
2	0	1	ALL	0	ALL	16610
2	0	1	ALL	1	0	4003
2	0	1	ALL	1	1	4267
2	0	1	ALL	1	2	6523
2	0	1	ALL	1	ALL	14793
2	0	1	ALL	2	0	4277
2	0	1	ALL	2	1	5062
2	0	1	ALL	2	2	1835
2	0	1	ALL	2	ALL	11174
2	0	1	ALL	ALL	0	11003
2	0	1	ALL	ALL	1	18678
2	0	1	ALL	ALL	2	12896
2	0	1	ALL	ALL	ALL	42577
2	0	2	0	0	0	751
2	0	2	0	0	2	1477
2	0	2	0	0	ALL	2228
2	0	2	0	1	0	792
2	0	2	0	1	1	2628
2	0	2	0	1	2	2729
2	0	2	0	1	ALL	6149
2	0	2	0	2	0	200
2	0	2	0	2	1	134
2	0	2	0	2	2	1147
2	0	2	0	2	ALL	1481
2	0	2	0	ALL	0	1743
2	0	2	0	ALL	1	2762
2	0	2	0	ALL	2	5353
2	0	2	0	ALL	ALL	9858
2	0	2	1	0	0	298
2	0	2	1	0	1	285
2	0	2	1	0	2	185
2	0	2	1	0	ALL	768
2	0	2	1	1	0	3244
2	0	2	1	1	1	2611
2	0	2	1	1	2	3142
2	0	2	1	1	ALL	8997
2	0	2	1	2	0	2167
2	0	2	1	2	1	476
2	0	2	1	2	2	1183
2	0	2	1	2	ALL	3826
2	0	2	1	ALL	0	5709
2	0	2	1	ALL	1	3372
2	0	2	1	ALL	2	4510
2	0	2	1	ALL	ALL	13591
2	0	2	2	0	0	2228
2	0	2	2	0	1	2432
2	0	2	2	0	2	1417
2	0	2	2	0	ALL	6077
2	0	2	2	1	0	2992
2	0	2	2	1	1	728
2	0	2	2	1	2	839
2	0	2	2	1	ALL	4559
2	0	2	2	2	0	2819
2	0	2	2	2	1	2822
2	0	2	2	2	2	531
2	0	2	2	2	ALL	6172
2	0	2	2	ALL	0	8039
2	0	2	2	ALL	1	5982
2	0	2	2	ALL	2	2787
2	0	2	2	ALL	ALL	16808
2	0	2	ALL	0	0	3277
2	0	2	ALL	0	1	2717
2	0	2	ALL	0	2	3079
2	0	2	ALL	0	ALL	9073
2	0	2	ALL	1	0	7028
2	0	2	ALL	1	1	5967
2	0	2	ALL	1	2	6710
2	0	2	ALL	1	ALL	19705
2	0	2	ALL	2	0	5186
2	0	2	ALL	2	1	3432
2	0	2	ALL	2	2	2861
2	0	2	ALL	2	ALL	11479
2	0	2	ALL	ALL	0	15491
2	0	2	ALL	ALL	1	12116
2	0	2	ALL	ALL	2	12650
2	0	2	ALL	ALL	ALL	40257
2	0	ALL	0	0	0	1959
2	0	ALL	0	0	1	5103
2	0	ALL	0	0	2	3780
2	0	ALL	0	0	ALL	10842
2	0	ALL	0	1	0	4320
2	0	ALL	0	1	1	4581
2	0	ALL	0	1	2	7093
2	0	ALL	0	1	ALL	15994
2	0	ALL	0	2	0	604
2	0	ALL	0	2	1	3469
2	0	ALL	0	2	2	3206
2	0	ALL	0	2	ALL	7279
2	0	ALL	0	ALL	0	6883
2	0	ALL	0	ALL	1	13153
2	0	ALL	0	ALL	2	14079
2	0	ALL	0	ALL	ALL	34115
2	0	ALL	1	0	0	2741
2	0	ALL	1	0	1	2827
2	0	ALL	1	0	2	2323
2	0	ALL	1	0	ALL	7891
2	0	ALL	1	1	0	4658
2	0	ALL	1	1	1	5268
2	0	ALL	1	1	2	8886
2	0	ALL	1	1	ALL	18812
2	0	ALL	1	2	0	6960
2	0	ALL	1	2	1	3955
2	0	ALL	1	2	2	2798
2	0	ALL	1	2	ALL	13713
2	0	ALL	1	ALL	0	14359
2	0	ALL	1	ALL	1	12050
2	0	ALL	1	ALL	2	14007
2	0	ALL	1	ALL	ALL	40416
2	0	ALL	2	0	0	3433
2	0	ALL	2	0	1	6256
2	0	ALL	2	0	2	4516
2	0	ALL	2	0	ALL	14205
2	0	ALL	2	1	0	4349
2	0	ALL	2	1	1	2761
2	0	ALL	2	1	2	4331
2	0	ALL	2	1	ALL	11441
2	0	ALL	2	2	0	5305
2	0	ALL	2	2	1	4590
2	0	ALL	2	2	2	3468
2	0	ALL	2	2	ALL	13363
2	0	ALL	2	ALL	0	13087
2	0	ALL	2	ALL	1	13607
2	0	ALL	2	ALL	2	12315
2	0	ALL	2	ALL	ALL	39009
2	0	ALL	ALL	0	0	8133
2	0	ALL	ALL	0	1	14186
2	0	ALL	ALL	0	2	10619
2	0	ALL	ALL	0	ALL	32938
2	0	ALL	ALL	1	0	13327
2	0	ALL	ALL	1	1	12610
2	0	ALL	ALL	1	2	20310
2	0	ALL	ALL	1	ALL	46247
2	0	ALL	ALL	2	0	12869
2	0	ALL	ALL	2	1	12014
2	0	ALL	ALL	2	2	9472
2	0	ALL	ALL	2	ALL	34355
2	0	ALL	ALL	ALL	0	34329
2	0	ALL	ALL	ALL	1	38810
2	0	ALL	ALL	ALL	2	40401
2	0	ALL	ALL	ALL	ALL	113540
2	1	0	0	0	0	625
2	1	0	0	0	1	1911
2	1	0	0	0	2	2548
2	1	0	0	0	ALL	5084
2	1	0	0	1	0	1799
2	1	0	0	1	1	1557
2	1	0	0	1	2	1220
2	1	0	0	1	ALL	4576
2	1	0	0	2	0	614
2	1	0	0	2	1	2412
2	1	0	0	2	2	2582
2	1	0	0	2	ALL	5608
2	1	0	0	ALL	0	3038
2	1	0	0	ALL	1	5880
2	1	0	0	ALL	2	6350
2	1	0	0	ALL	ALL	15268
2	1	0	1	0	0	1293
2	1	0	1	0	1	124
2	1	0	1	0	2	1528
2	1	0	1	0	ALL	2945
2	1	0	1	1	0	1790
2	1	0	1	1	1	1807
2	1	0	1	1	2	685
2	1	0	1	1	ALL	4282
2	1	0	1	2	0	357
2	1	0	1	2	1	173
2	1	0	1	2	ALL	530
2	1	0	1	ALL	0	3440
2	1	0	1	ALL	1	2104
2	1	0	1	ALL	2	2213
2	1	0	1	ALL	ALL	7757
2	1	0	2	0	1	2737
2	1	0	2	0	2	2637
2	1	0	2	0	ALL	5374
2	1	0	2	1	0	2587
2	1	0	2	1	1	100
2	1	0	2	1	2	851
2	1	0	2	1	ALL	3538
2	1	0	2	2	0	1211
2	1	0	2	2	1	853
2	1	0	2	2	2	2889
2	1	0	2	2	ALL	4953
2	1	0	2	ALL	0	3798
2	1	0	2	ALL	1	3690
2	1	0	2	ALL	2	6377
2	1	0	2	ALL	ALL	13865
2	1	0	ALL	0	0	1918
2	1	0	ALL	0	1	4772
2	1	0	ALL	0	2	6713
2	1	0	ALL	0	ALL	13403
2	1	0	ALL	1	0	6176
2	1	0	ALL	1	1	3464
2	1	0	ALL	1	2	2756
2	1	0	ALL	1	ALL	12396
2	1	0	ALL	2	0	2182
2	1	0	ALL	2	1	3438
2	1	0	ALL	2	2	5471
2	1	0	ALL	2	ALL	11091
2	1	0	ALL	ALL	0	10276
2	1	0	ALL	ALL	1	11674
2	1	0	ALL	ALL	2	14940
2	1	0	ALL	ALL	ALL	36890
2	1	1	0	0	0	1252
2	1	1	0	0	1	341
2	1	1	0	0	2	176
2	1	1	0	0	ALL	1769
2	1	1	0	1	0	1815
2	1	1	0	1	1	1673
2	1	1	0	1	2	2012
2	1	1	0	1	ALL	5500
2	1	1	0	2	0	1347
2	1	1	0	2	1	2811
2	1	1	0	2	2	888
2	1	1	0	2	ALL	5046
2	1	1	0	ALL	0	4414
2	1	1	0	ALL	1	4825
2	1	1	0	ALL	2	3076
2	1	1	0	ALL	ALL	12315
2	1	1	1	0	0	3445
2	1	1	1	0	1	252
2	1	1	1	0	2	1760
2	1	1	1	0	ALL	5457
2	1	1	1	1	0	1688
2	1	1	1	1	1	2128
2	1	1	1	1	2	1010
2	1	1	1	1	ALL	4826
2	1	1	1	2	0	1064
2	1	1	1	2	1	2568
2	1	1	1	2	2	2793
2	1	1	1	2	ALL	6425
2	1	1	1	ALL	0	6197
2	1	1	1	ALL	1	4948
2	1	1	1	ALL	2	5563
2	1	1	1	ALL	ALL	16708
2	1	1	2	0	0	1190
2	1	1	2	0	1	750
2	1	1	2	0	2	2088
2	1	1	2	0	ALL	4028
2	1	1	2	1	0	2556
2	1	1	2	1	1	572
2	1	1	2	1	2	3097
2	1	1	2	1	ALL	6225
2	1	1	2	2	0	1441
2	1	1	2	2	1	1268
2	1	1	2	2	2	1327
2	1	1	2	2	ALL	4036
2	1	1	2	ALL	0	5187
2	1	1	2	ALL	1	2590
2	1	1	2	ALL	2	6512
2	1	1	2	ALL	ALL	14289
2	1	1	ALL	0	0	5887
2	1	1	ALL	0	1	1343
2	1	1	ALL	0	2	4024
2	1	1	ALL	0	ALL	11254
2	1	1	ALL	1	0	6059
2	1	1	ALL	1	1	4373
2	1	1	ALL	1	2	6119
2	1	1	ALL	1	ALL	16551
2	1	1	ALL	2	0	3852
2	1	1	ALL	2	1	6647
2	1	1	ALL	2	2	5008
2	1	1	ALL	2	ALL	15507
2	1	1	ALL	ALL	0	15798
2	1	1	ALL	ALL	1	12363
2	1	1	ALL	ALL	2	15151
2	1	1	ALL	ALL	ALL	43312
2	1	2	0	0	0	1554
2	1	2	0	0	1	1126
2	1	2	0	0	2	864
2	1	2	0	0	ALL	3544
2	1	2	0	1	0	2693
2	1	2	0	1	1	1145
2	1	2	0	1	2	252
2	1	2	0	1	ALL	4090
2	1	2	0	2	0	2334
2	1	2	0	2	1	1619
2	1	2	0	2	2	594
2	1	2	0	2	ALL	4547
2	1	2	0	ALL	0	6581
2	1	2	0	ALL	1	3890
2	1	2	0	ALL	2	1710
2	1	2	0	ALL	ALL	12181
2	1	2	1	0	0	2099
2	1	2	1	0	1	1197
2	1	2	1	0	2	1993
2	1	2	1	0	ALL	5289
2	1	2	1	1	0	3047
2	1	2	1	1	1	1374
2	1	2	1	1	2	613
2	1	2	1	1	ALL	5034
2	1	2	1	2	0	616
2	1	2	1	2	1	1802
2	1	2	1	2	2	498
2	1	2	1	2	ALL	2916
2	1	2	1	ALL	0	5762
2	1	2	1	ALL	1	4373
2	1	2	1	ALL	2	3104
2	1	2	1	ALL	ALL	13239
2	1	2	2	0	0	2018
2	1	2	2	0	1	2687
2	1	2	2	0	2	2189
2	1	2	2	0	ALL	6894
2	1	2	2	1	0	915
2	1	2	2	1	1	1546
2	1	2	2	1	2	1174
2	1	2	2	1	ALL	3635
2	1	2	2	2	0	2154
2	1	2	2	2	1	1385
2	1	2	2	2	2	1945
2	1	2	2	2	ALL	5484
2	1	2	2	ALL	0	5087
2	1	2	2	ALL	1	5618
2	1	2	2	ALL	2	5308
2	1	2	2	ALL	ALL	16013
2	1	2	ALL	0	0	5671
2	1	2	ALL	0	1	5010
2	1	2	ALL	0	2	5046
2	1	2	ALL	0	ALL	15727
2	1	2	ALL	1	0	6655
2	1	2	ALL	1	1	4065
2	1	2	ALL	1	2	2039
2	1	2	ALL	1	ALL	12759
2	1	2	ALL	2	0	5104
2	1	2	ALL	2	1	4806
2	1	2	ALL	2	2	3037
2	1	2	ALL	2	ALL	12947
2	1	2	ALL	ALL	0	17430
2	1	2	ALL	ALL	1	13881
2	1	2	ALL	ALL	2	10122
2	1	2	ALL	ALL	ALL	41433
2	1	ALL	0	0	0	3431
2	1	ALL	0	0	1	3378
2	1	ALL	0	0	2	3588
2	1	ALL	0	0	ALL	10397
2	1	ALL	0	1	0	6307
2	1	ALL	0	1	1	4375
2	1	ALL	0	1	2	3484
2	1	ALL	0	1	ALL	14166
2	1	ALL	0	2	0	4295
2	1	ALL	0	2	1	6842
2	1	ALL	0	2	2	4064
2	1	ALL	0	2	ALL	15201
2	1	ALL	0	ALL	0	14033
2	1	ALL	0	ALL	1	14595
2	1	ALL	0	ALL	2	11136
2	1	ALL	0	ALL	ALL	39764
2	1	ALL	1	0	0	6837
2	1	ALL	1	0	1	1573
2	1	ALL	1	0	2	5281
2	1	ALL	1	0	ALL	13691
2	1	ALL	1	1	0	6525
2	1	ALL	1	1	1	5309
2	1	ALL	1	1	2	2308
2	1	ALL	1	1	ALL	14142
2	1	ALL	1	2	0	2037
2	1	ALL	1	2	1	4543
2	1	ALL	1	2	2	3291
2	1	ALL	1	2	ALL	9871
2	1	ALL	1	ALL	0	15399
2	1	ALL	1	ALL	1	11425
2	1	ALL	1	ALL	2	10880
2	1	ALL	1	ALL	ALL	37704
2	1	ALL	2	0	0	3208
2	1	ALL	2	0	1	6174
2	1	ALL	2	0	2	6914
2	1	ALL	2	0	ALL	16296
2	1	ALL	2	1	0	6058
2	1	ALL	2	1	1	2218
2	1	ALL	2	1	2	5122
2	1	ALL	2	1	ALL	13398
2	1	ALL	2	2	0	4806
2	1	ALL	2	2	1	3506
2	1	ALL	2	2	2	6161
2	1	ALL	2	2	ALL	14473
2	1	ALL	2	ALL	0	14072
2	1	ALL	2	ALL	1	11898
2	1	ALL	2	ALL	2	18197
2	1	ALL	2	ALL	ALL	44167
2	1	ALL	ALL	0	0	13476
2	1	ALL	ALL	0	1	11125
2	1	ALL	ALL	0	2	15783
2	1	ALL	ALL	0	ALL	40384
2	1	ALL	ALL	1	0	18890
2	1	ALL	ALL	1	1	11902
2	1	ALL	ALL	1	2	10914
2	1	ALL	ALL	1	ALL	41706
2	1	ALL	ALL	2	0	11138
2	1	ALL	ALL	2	1	14891
2	1	ALL	ALL	2	2	13516
2	1	ALL	ALL	2	ALL	39545
2	1	ALL	ALL	ALL	0	43504
2	1	ALL	ALL	ALL	1	37918
2	1	ALL	ALL	ALL	2	40213
2	1	ALL	ALL	ALL	ALL	121635
2	2	0	0	0	0	11
2	2	0	0	0	1	1243
2	2	0	0	0	2	461
2	2	0	0	0	ALL	1715
2	2	0	0	1	0	4649
2	2	0	0	1	1	1872
2	2	0	0	1	2	2642
2	2	0	0	1	ALL	9163
2	2	0	0	2	0	935
2	2	0	0	2	1	1477
2	2	0	0	2	2	652
2	2	0	0	2	ALL	3064
2	2	0	0	ALL	0	5595
2	2	0	0	ALL	1	4592
2	2	0	0	ALL	2	3755
2	2	0	0	ALL	ALL	13942
2	2	0	1	0	0	481
2	2	0	1	0	1	601
2	2	0	1	0	2	2308
2	2	0	1	0	ALL	3390
2	2	0	1	1	0	1684
2	2	0	1	1	1	1466
2	2	0	1	1	2	1217
2	2	0	1	1	ALL	4367
2	2	0	1	2	0	1368
2	2	0	1	2	1	1531
2	2	0	1	2	2	957
2	2	0	1	2	ALL	3856
2	2	0	1	ALL	0	3533
2	2	0	1	ALL	1	3598
2	2	0	1	ALL	2	4482
2	2	0	1	ALL	ALL	11613
2	2	0	2	0	0	4245
2	2	0	2	0	1	784
2	2	0	2	0	2	2315
2	2	0	2	0	ALL	7344
2	2	0	2	1	0	2233
2	2	0	2	1	1	1884
2	2	0	2	1	2	2038
2	2	0	2	1	ALL	6155
2	2	0	2	2	1	954
2	2	0	2	2	2	701
2	2	0	2	2	ALL	1655
2	2	0	2	ALL	0	6478
2	2	0	2	ALL	1	3622
2	2	0	2	ALL	2	5054
2	2	0	2	ALL	ALL	15154
2	2	0	ALL	0	0	4737
2	2	0	ALL	0	1	2628
2	2	0	ALL	0	2	5084
2	2	0	ALL	0	ALL	12449
2	2	0	ALL	1	0	8566
2	2	0	ALL	1	1	5222
2	2	0	ALL	1	2	5897
2	2	0	ALL	1	ALL	19685
2	2	0	ALL	2	0	2303
2	2	0	ALL	2	1	3962
2	2	0	ALL	2	2	2310
2	2	0	ALL	2	ALL	8575
2	2	0	ALL	ALL	0	15606
2	2	0	ALL	ALL	1	11812
2	2	0	ALL	ALL	2	13291
2	2	0	ALL	ALL	ALL	40709
2	2	1	0	0	0	1698
2	2	1	0	0	1	1198
2	2	1	0	0	2	1829
2	2	1	0	0	ALL	4725
2	2	1	0	1	0	1776
2	2	1	0	1	1	1311
2	2	1	0	1	2	1043
2	2	1	0	1	ALL	4130
2	2	1	0	2	0	117
2	2	1	0	2	1	2638
2	2	1	0	2	2	2596
2	2	1	0	2	ALL	5351
2	2	1	0	ALL	0	3591
2	2	1	0	ALL	1	5147
2	2	1	0	ALL	2	5468
2	2	1	0	ALL	ALL	14206
2	2	1	1	0	0	626
2	2	1	1	0	1	3046
2	2	1	1	0	2	458
2	2	1	1	0	ALL	4130
2	2	1	1	1	0	440
2	2	1	1	1	1	1906
2	2	1	1	1	2	584
2	2	1	1	1	ALL	2930
2	2	1	1	2	0	1619
2	2	1	1	2	1	2031
2	2	1	1	2	2	2884
2	2	1	1	2	ALL	6534
2	2	1	1	ALL	0	2685
2	2	1	1	ALL	1	6983
2	2	1	1	ALL	2	3926
2	2	1	1	ALL	ALL	13594
2	2	1	2	0	0	449
2	2	1	2	0	1	2626
2	2	1	2	0	2	994
2	2	1	2	0	ALL	4069
2	2	1	2	1	0	1422
2	2	1	2	1	1	1851
2	2	1	2	1	ALL	3273
2	2	1	2	2	0	1361
2	2	1	2	2	1	905
2	2	1	2	2	2	1365
2	2	1	2	2	ALL	3631
2	2	1	2	ALL	0	3232
2	2	1	2	ALL	1	5382
2	2	1	2	ALL	2	2359
2	2	1	2	ALL	ALL	10973
2	2	1	ALL	0	0	2773
2	2	1	ALL	0	1	6870
2	2	1	ALL	0	2	3281
2	2	1	ALL	0	ALL	12924
2	2	1	ALL	1	0	3638
2	2	1	ALL	1	1	5068
2	2	1	ALL	1	2	1627
2	2	1	ALL	1	ALL	10333
2	2	1	ALL	2	0	3097
2	2	1	ALL	2	1	5574
2	2	1	ALL	2	2	6845
2	2	1	ALL	2	ALL	15516
2	2	1	ALL	ALL	0	9508
2	2	1	ALL	ALL	1	17512
2	2	1	ALL	ALL	2	11753
2	2	1	ALL	ALL	ALL	38773
2	2	2	0	0	0	757
2	2	2	0	0	1	1258
2	2	2	0	0	2	1697
2	2	2	0	0	ALL	3712
2	2	2	0	1	0	1165
2	2	2	0	1	1	1637
2	2	2	0	1	ALL	2802
2	2	2	0	2	1	1547
2	2	2	0	2	2	1463
2	2	2	0	2	ALL	3010
2	2	2	0	ALL	0	1922
2	2	2	0	ALL	1	4442
2	2	2	0	ALL	2	3160
2	2	2	0	ALL	ALL	9524
2	2	2	1	0	0	2166
2	2	2	1	0	1	947
2	2	2	1	0	2	417
2	2	2	1	0	ALL	3530
2	2	2	1	1	0	1646
2	2	2	1	1	1	1659
2	2	2	1	1	2	315
2	2	2	1	1	ALL	3620
2	2	2	1	2	0	961
2	2	2	1	2	1	1367
2	2	2	1	2	ALL	2328
2	2	2	1	ALL	0	4773
2	2	2	1	ALL	1	3973
2	2	2	1	ALL	2	732
2	2	2	1	ALL	ALL	9478
2	2	2	2	0	0	981
2	2	2	2	0	1	2317
2	2	2	2	0	2	2452
2	2	2	2	0	ALL	5750
2	2	2	2	1	0	1378
2	2	2	2	1	1	2060
2	2	2	2	1	2	3881
2	2	2	2	1	ALL	7319
2	2	2	2	2	0	396
2	2	2	2	2	1	175
2	2	2	2	2	2	1844
2	2	2	2	2	ALL	2415
2	2	2	2	ALL	0	2755
2	2	2	2	ALL	1	4552
2	2	2	2	ALL	2	8177
2	2	2	2	ALL	ALL	15484
2	2	2	ALL	0	0	3904
2	2	2	ALL	0	1	4522
2	2	2	ALL	0	2	4566
2	2	2	ALL	0	ALL	12992
2	2	2	ALL	1	0	4189
2	2	2	ALL	1	1	5356
2	2	2	ALL	1	2	4196
2	2	2	ALL	1	ALL	13741
2	2	2	ALL	2	0	1357
2	2	2	ALL	2	1	3089
2	2	2	ALL	2	2	3307
2	2	2	ALL	2	ALL	7753
2	2	2	ALL	ALL	0	9450
2	2	2	ALL	ALL	1	12967
2	2	2	ALL	ALL	2	12069
2	2	2	ALL	ALL	ALL	34486
2	2	ALL	0	0	0	2466
2	2	ALL	0	0	1	3699
2	2	ALL	0	0	2	3987
2	2	ALL	0	0	ALL	10152
2	2	ALL	0	1	0	7590
2	2	ALL	0	1	1	4820
2	2	ALL	0	1	2	3685
2	2	ALL	0	1	ALL	16095
2	2	ALL	0	2	0	1052
2	2	ALL	0	2	1	5662
2	2	ALL	0	2	2	4711
2	2	ALL	0	2	ALL	11425
2	2	ALL	0	ALL	0	11108
2	2	ALL	0	ALL	1	14181
2	2	ALL	0	ALL	2	12383
2	2	ALL	0	ALL	ALL	37672
2	2	ALL	1	0	0	3273
2	2	ALL	1	0	1	4594
2	2	ALL	1	0	2	3183
2	2	ALL	1	0	ALL	11050
2	2	ALL	1	1	0	3770
2	2	ALL	1	1	1	5031
2	2	ALL	1	1	2	2116
2	2	ALL	1	1	ALL	10917
2	2	ALL	1	2	0	3948
2	2	ALL	1	2	1	4929
2	2	ALL	1	2	2	3841
2	2	ALL	1	2	ALL	12718
2	2	ALL	1	ALL	0	10991
2	2	ALL	1	ALL	1	14554
2	2	ALL	1	ALL	2	9140
2	2	ALL	1	ALL	ALL	34685
2	2	ALL	2	0	0	5675
2	2	ALL	2	0	1	5727
2	2	ALL	2	0	2	5761
2	2	ALL	2	0	ALL	17163
2	2	ALL	2	1	0	5033
2	2	ALL	2	1	1	5795
2	2	ALL	2	1	2	5919
2	2	ALL	2	1	ALL	16747
2	2	ALL	2	2	0	1757
2	2	ALL	2	2	1	2034
2	2	ALL	2	2	2	3910
2	2	ALL	2	2	ALL	7701
2	2	ALL	2	ALL	0	12465
2	2	ALL	2	ALL	1	13556
2	2	ALL	2	ALL	2	15590
2	2	ALL	2	ALL	ALL	41611
2	2	ALL	ALL	0	0	11414
2	2	ALL	ALL	0	1	14020
2	2	ALL	ALL	0	2	12931
2	2	ALL	ALL	0	ALL	38365
2	2	ALL	ALL	1	0	16393
2	2	ALL	ALL	1	1	15646
2	2	ALL	ALL	1	2	11720
2	2	ALL	ALL	1	ALL	43759
2	2	ALL	ALL	2	0	6757
2	2	ALL	ALL	2	1	12625
2	2	ALL	ALL	2	2	12462
2	2	ALL	ALL	2	ALL	31844
2	2	ALL	ALL	ALL	0	34564
2	2	ALL	ALL	ALL	1	42291
2	2	ALL	ALL	ALL	2	37113
2	2	ALL	ALL	ALL	ALL	113968
2	ALL	0	0	0	0	1623
2	ALL	0	0	0	1	4341
2	ALL	0	0	0	2	3345
2	ALL	0	0	0	ALL	9309
2	ALL	0	0	1	0	7781
2	ALL	0	0	1	1	4264
2	ALL	0	0	1	2	6850
2	ALL	0	0	1	ALL	18895
2	ALL	0	0	2	0	1549
2	ALL	0	0	2	1	5305
2	ALL	0	0	2	2	4370
2	ALL	0	0	2	ALL	11224
2	ALL	0	0	ALL	0	10953
2	ALL	0	0	ALL	1	13910
2	ALL	0	0	ALL	2	14565
2	ALL	0	0	ALL	ALL	39428
2	ALL	0	1	0	0	2698
2	ALL	0	1	0	1	1658
2	ALL	0	1	0	2	4528
2	ALL	0	1	0	ALL	8884
2	ALL	0	1	1	0	4106
2	ALL	0	1	1	1	3606
2	ALL	0	1	1	2	4585
2	ALL	0	1	1	ALL	12297
2	ALL	0	1	2	0	3832
2	ALL	0	1	2	1	2917
2	ALL	0	1	2	2	2572
2	ALL	0	1	2	ALL	9321
2	ALL	0	1	ALL	0	10636
2	ALL	0	1	ALL	1	8181
2	ALL	0	1	ALL	2	11685
2	ALL	0	1	ALL	ALL	30502
2	ALL	0	2	0	0	4467
2	ALL	0	2	0	1	3521
2	ALL	0	2	0	2	6926
2	ALL	0	2	0	ALL	14914
2	ALL	0	2	1	0	5151
2	ALL	0	2	1	1	3192
2	ALL	0	2	1	2	4295
2	ALL	0	2	1	ALL	12638
2	ALL	0	2	2	0	2510
2	ALL	0	2	2	1	2698
2	ALL	0	2	2	2	5615
2	ALL	0	2	2	ALL	10823
2	ALL	0	2	ALL	0	12128
2	ALL	0	2	ALL	1	9411
2	ALL	0	2	ALL	2	16836
2	ALL	0	2	ALL	ALL	38375
2	ALL	0	ALL	0	0	8788
2	ALL	0	ALL	0	1	9520
2	ALL	0	ALL	0	2	14799
2	ALL	0	ALL	0	ALL	33107
2	ALL	0	ALL	1	0	17038
2	ALL	0	ALL	1	1	11062
2	ALL	0	ALL	1	2	15730
2	ALL	0	ALL	1	ALL	43830
2	ALL	0	ALL	2	0	7891
2	ALL	0	ALL	2	1	10920
2	ALL	0	ALL	2	2	12557
2	ALL	0	ALL	2	ALL	31368
2	ALL	0	ALL	ALL	0	33717
2	ALL	0	ALL	ALL	1	31502
2	ALL	0	ALL	ALL	2	43086
2	ALL	0	ALL	ALL	ALL	108305
2	ALL	1	0	0	0	3171
2	ALL	1	0	0	1	5455
2	ALL	1	0	0	2	3972
2	ALL	1	0	0	ALL	12598
2	ALL	1	0	1	0	5786
2	ALL	1	0	1	1	4102
2	ALL	1	0	1	2	4431
2	ALL	1	0	1	ALL	14319
2	ALL	1	0	2	0	1868
2	ALL	1	0	2	1	7368
2	ALL	1	0	2	2	4407
2	ALL	1	0	2	ALL	13643
2	ALL	1	0	ALL	0	10825
2	ALL	1	0	ALL	1	16925
2	ALL	1	0	ALL	2	12810
2	ALL	1	0	ALL	ALL	40560
2	ALL	1	1	0	0	5590
2	ALL	1	1	0	1	4907
2	ALL	1	1	0	2	3664
2	ALL	1	1	0	ALL	14161
2	ALL	1	1	1	0	2910
2	ALL	1	1	1	1	6358
2	ALL	1	1	1	2	4655
2	ALL	1	1	1	ALL	13923
2	ALL	1	1	2	0	5369
2	ALL	1	1	2	1	6865
2	ALL	1	1	2	2	5677
2	ALL	1	1	2	ALL	17911
2	ALL	1	1	ALL	0	13869
2	ALL	1	1	ALL	1	18130
2	ALL	1	1	ALL	2	13996
2	ALL	1	1	ALL	ALL	45995
2	ALL	1	2	0	0	2622
2	ALL	1	2	0	1	7200
2	ALL	1	2	0	2	4207
2	ALL	1	2	0	ALL	14029
2	ALL	1	2	1	0	5004
2	ALL	1	2	1	1	3248
2	ALL	1	2	1	2	5183
2	ALL	1	2	1	ALL	13435
2	ALL	1	2	2	0	3989
2	ALL	1	2	2	1	3050
2	ALL	1	2	2	2	3604
2	ALL	1	2	2	ALL	10643
2	ALL	1	2	ALL	0	11615
2	ALL	1	2	ALL	1	13498
2	ALL	1	2	ALL	2	12994
2	ALL	1	2	ALL	ALL	38107
2	ALL	1	ALL	0	0	11383
2	ALL	1	ALL	0	1	17562
2	ALL	1	ALL	0	2	11843
2	ALL	1	ALL	0	ALL	40788
2	ALL	1	ALL	1	0	13700
2	ALL	1	ALL	1	1	13708
2	ALL	1	ALL	1	2	14269
2	ALL	1	ALL	1	ALL	41677
2	ALL	1	ALL	2	0	11226
2	ALL	1	ALL	2	1	17283
2	ALL	1	ALL	2	2	13688
2	ALL	1	ALL	2	ALL	42197
2	ALL	1	ALL	ALL	0	36309
2	ALL	1	ALL	ALL	1	48553
2	ALL	1	ALL	ALL	2	39800
2	ALL	1	ALL	ALL	ALL	124662
2	ALL	2	0	0	0	3062
2	ALL	2	0	0	1	2384
2	ALL	2	0	0	2	4038
2	ALL	2	0	0	ALL	9484
2	ALL	2	0	1	0	4650
2	ALL	2	0	1	1	5410
2	ALL	2	0	1	2	2981
2	ALL	2	0	1	ALL	13041
2	ALL	2	0	2	0	2534
2	ALL	2	0	2	1	3300
2	ALL	2	0	2	2	3204
2	ALL	2	0	2	ALL	9038
2	ALL	2	0	ALL	0	10246
2	ALL	2	0	ALL	1	11094
2	ALL	2	0	ALL	2	10223
2	ALL	2	0	ALL	ALL	31563
2	ALL	2	1	0	0	4563
2	ALL	2	1	0	1	2429
2	ALL	2	1	0	2	2595
2	ALL	2	1	0	ALL	9587
2	ALL	2	1	1	0	7937
2	ALL	2	1	1	1	5644
2	ALL	2	1	1	2	4070
2	ALL	2	1	1	ALL	17651
2	ALL	2	1	2	0	3744
2	ALL	2	1	2	1	3645
2	ALL	2	1	2	2	1681
2	ALL	2	1	2	ALL	9070
2	ALL	2	1	ALL	0	16244
2	ALL	2	1	ALL	1	11718
2	ALL	2	1	ALL	2	8346
2	ALL	2	1	ALL	ALL	36308
2	ALL	2	2	0	0	5227
2	ALL	2	2	0	1	7436
2	ALL	2	2	0	2	6058
2	ALL	2	2	0	ALL	18721
2	ALL	2	2	1	0	5285
2	ALL	2	2	1	1	4334
2	ALL	2	2	1	2	5894
2	ALL	2	2	1	ALL	15513
2	ALL	2	2	2	0	5369
2	ALL	2	2	2	1	4382
2	ALL	2	2	2	2	4320
2	ALL	2	2	2	ALL	14071
2	ALL	2	2	ALL	0	15881
2	ALL	2	2	ALL	1	16152
2	ALL	2	2	ALL	2	16272
2	ALL	2	2	ALL	ALL	48305
2	ALL	2	ALL	0	0	12852
2	ALL	2	ALL	0	1	12249
2	ALL	2	ALL	0	2	12691
2	ALL	2	ALL	0	ALL	37792
2	ALL	2	ALL	1	0	17872
2	ALL	2	ALL	1	1	15388
2	ALL	2	ALL	1	2	12945
2	ALL	2	ALL	1	ALL	46205
2	ALL	2	ALL	2	0	11647
2	ALL	2	ALL	2	1	11327
2	ALL	2	ALL	2	2	9205
2	ALL	2	ALL	2	ALL	32179
2	ALL	2	ALL	ALL	0	42371
2	ALL	2	ALL	ALL	1	38964
2	ALL	2	ALL	ALL	2	34841
2	ALL	2	ALL	ALL	ALL	116176
2	ALL	ALL	0	0	0	7856
2	ALL	ALL	0	0	1	12180
2	ALL	ALL	0	0	2	11355
2	ALL	ALL	0	0	ALL	31391
2	ALL	ALL	0	1	0	18217
2	ALL	ALL	0	1	1	13776
2	ALL	ALL	0	1	2	14262
2	ALL	ALL	0	1	ALL	46255
2	ALL	ALL	0	2	0	5951
2	ALL	ALL	0	2	1	15973
2	ALL	ALL	0	2	2	11981
2	ALL	ALL	0	2	ALL	33905
2	ALL	ALL	0	ALL	0	32024
2	ALL	ALL	0	ALL	1	41929
2	ALL	ALL	0	ALL	2	37598
2	ALL	ALL	0	ALL	ALL	111551
2	ALL	ALL	1	0	0	12851
2	ALL	ALL	1	0	1	8994
2	ALL	ALL	1	0	2	10787
2	ALL	ALL	1	0	ALL	32632
2	ALL	ALL	1	1	0	14953
2	ALL	ALL	1	1	1	15608
2	ALL	ALL	1	1	2	13310
2	ALL	ALL	1	1	ALL	43871
2	ALL	ALL	1	2	0	12945
2	ALL	ALL	1	2	1	13427
2	ALL	ALL	1	2	2	9930
2	ALL	ALL	1	2	ALL	36302
2	ALL	ALL	1	ALL	0	40749
2	ALL	ALL	1	ALL	1	38029
2	ALL	ALL	1	ALL	2	34027
2	ALL	ALL	1	ALL	ALL	112805
2	ALL	ALL	2	0	0	12316
2	ALL	ALL	2	0	1	18157
2	ALL	ALL	2	0	2	17191
2	ALL	ALL	2	0	ALL	47664
2	ALL	ALL	2	1	0	15440
2	ALL	ALL	2	1	1	10774
2	ALL	ALL	2	1	2	15372
2	ALL	ALL	2	1	ALL	41586
2	ALL	ALL	2	2	0	11868
2	ALL	ALL	2	2	1	10130
2	ALL	ALL	2	2	2	13539
2	ALL	ALL	2	2	ALL	35537
2	ALL	ALL	2	ALL	0	39624
2	ALL	ALL	2	ALL	1	39061
2	ALL	ALL	2	ALL	2	46102
2	ALL	ALL	2	ALL	ALL	124787
2	ALL	ALL	ALL	0	0	33023
2	ALL	ALL	ALL	0	1	39331
2	ALL	ALL	ALL	0	2	39333
2	ALL	ALL	ALL	0	ALL	111687
2	ALL	ALL	ALL	1	0	48610
2	ALL	ALL	ALL	1	1	40158
2	ALL	ALL	ALL	1	2	42944
2	ALL	ALL	ALL	1	ALL	131712
2	ALL	ALL	ALL	2	0	30764
2	ALL	ALL	ALL	2	1	39530
2	ALL	ALL	ALL	2	2	35450
2	ALL	ALL	ALL	2	ALL	105744
2	ALL	ALL	ALL	ALL	0	112397
2	ALL	ALL	ALL	ALL	1	119019
2	ALL	ALL	ALL	ALL	2	117727
2	ALL	ALL	ALL	ALL	ALL	349143
ALL	0	0	0	0	0	3799
ALL	0	0	0	0	1	3735
ALL	0	0	0	0	2	5266
ALL	0	0	0	0	ALL	12800
ALL	0	0	0	1	0	2615
ALL	0	0	0	1	1	4150
ALL	0	0	0	1	2	4903
ALL	0	0	0	1	ALL	11668
ALL	0	0	0	2	0	1816
ALL	0	0	0	2	1	3060
ALL	0	0	0	2	2	2817
ALL	0	0	0	2	ALL	7693
ALL	0	0	0	ALL	0	8230
ALL	0	0	0	ALL	1	10945
ALL	0	0	0	ALL	2	12986
ALL	0	0	0	ALL	ALL	32161
ALL	0	0	1	0	0	3138
ALL	0	0	1	0	1	4364
ALL	0	0	1	0	2	3168
ALL	0	0	1	0	ALL	10670
ALL	0	0	1	1	0	739
ALL	0	0	1	1	1	2408
ALL	0	0	1	1	2	7583
ALL	0	0	1	1	ALL	10730
ALL	0	0	1	2	0	5245
ALL	0	0	1	2	1	2231
ALL	0	0	1	2	2	4426
ALL	0	0	1	2	ALL	11902
ALL	0	0	1	ALL	0	9122
ALL	0	0	1	ALL	1	9003
ALL	0	0	1	ALL	2	15177
ALL	0	0	1	ALL	ALL	33302
ALL	0	0	2	0	0	2040
ALL	0	0	2	0	1	5386
ALL	0	0	2	0	2	2297
ALL	0	0	2	0	ALL	9723
ALL	0	0	2	1	0	1598
ALL	0	0	2	1	1	3950
ALL	0	0	2	1	2	3552
ALL	0	0	2	1	ALL	9100
ALL	0	0	2	2	0	4021
ALL	0	0	2	2	1	2780
ALL	0	0	2	2	2	4051
ALL	0	0	2	2	ALL	10852
ALL	0	0	2	ALL	0	7659
ALL	0	0	2	ALL	1	12116
ALL	0	0	2	ALL	2	9900
ALL	0	0	2	ALL	ALL	29675
ALL	0	0	ALL	0	0	8977
ALL	0	0	ALL	0	1	13485
ALL	0	0	ALL	0	2	10731
ALL	0	0	ALL	0	ALL	33193
ALL	0	0	ALL	1	0	4952
ALL	0	0	ALL	1	1	10508
ALL	0	0	ALL	1	2	16038
ALL	0	0	ALL	1	ALL	31498
ALL	0	0	ALL	2	0	11082
ALL	0	0	ALL	2	1	8071
ALL	0	0	ALL	2	2	11294
ALL	0	0	ALL	2	ALL	30447
ALL	0	0	ALL	ALL	0	25011
ALL	0	0	ALL	ALL	1	32064
ALL	0	0	ALL	ALL	2	38063
ALL	0	0	ALL	ALL	ALL	95138
ALL	0	1	0	0	0	2868
ALL	0	1	0	0	1	4916
ALL	0	1	0	0	2	4347
ALL	0	1	0	0	ALL	12131
ALL	0	1	0	1	0	7578
ALL	0	1	0	1	1	3835
ALL	0	1	0	1	2	4301
ALL	0	1	0	1	ALL	15714
ALL	0	1	0	2	0	6220
ALL	0	1	0	2	1	4249
ALL	0	1	0	2	2	4916
ALL	0	1	0	2	ALL	15385
ALL	0	1	0	ALL	0	16666
ALL	0	1	0	ALL	1	13000
ALL	0	1	0	ALL	2	13564
ALL	0	1	0	ALL	ALL	43230
ALL	0	1	1	0	0	5628
ALL	0	1	1	0	1	3040
ALL	0	1	1	0	2	2077
ALL	0	1	1	0	ALL	10745
ALL	0	1	1	1	0	3659
ALL	0	1	1	1	1	3846
ALL	0	1	1	1	2	3951
ALL	0	1	1	1	ALL	11456
ALL	0	1	1	2	0	5943
ALL	0	1	1	2	1	7109
ALL	0	1	1	2	2	1457
ALL	0	1	1	2	ALL	14509
ALL	0	1	1	ALL	0	15230
ALL	0	1	1	ALL	1	13995
ALL	0	1	1	ALL	2	7485
ALL	0	1	1	ALL	ALL	36710
ALL	0	1	2	0	0	6559
ALL	0	1	2	0	1	7719
ALL	0	1	2	0	2	3794
ALL	0	1	2	0	ALL	18072
ALL	0	1	2	1	0	3792
ALL	0	1	2	1	1	2222
ALL	0	1	2	1	2	3545
ALL	0	1	2	1	ALL	9559
ALL	0	1	2	2	0	3817
ALL	0	1	2	2	1	1415
ALL	0	1	2	2	2	5392
ALL	0	1	2	2	ALL	10624
ALL	0	1	2	ALL	0	14168
ALL	0	1	2	ALL	1	11356
ALL	0	1	2	ALL	2	12731
ALL	0	1	2	ALL	ALL	38255
ALL	0	1	ALL	0	0	15055
ALL	0	1	ALL	0	1	15675
ALL	0	1	ALL	0	2	10218
ALL	0	1	ALL	0	ALL	40948
ALL	0	1	ALL	1	0	15029
ALL	0	1	ALL	1	1	9903
ALL	0	1	ALL	1	2	11797
ALL	0	1	ALL	1	ALL	36729
ALL	0	1	ALL	2	0	15980
ALL	0	1	ALL	2	1	12773
ALL	0	1	ALL	2	2	11765
ALL	0	1	ALL	2	ALL	40518
ALL	0	1	ALL	ALL	0	46064
ALL	0	1	ALL	ALL	1	38351
ALL	0	1	ALL	ALL	2	33780
ALL	0	1	ALL	ALL	ALL	118195
ALL	0	2	0	0	0	3623
ALL	0	2	0	0	1	3047
ALL	0	2	0	0	2	2655
ALL	0	2	0	0	ALL	9325
ALL	0	2	0	1	0	3448
ALL	0	2	0	1	1	6109
ALL	0	2	0	1	2	4029
ALL	0	2	0	1	ALL	13586
ALL	0	2	0	2	0	1900
ALL	0	2	0	2	1	3917
ALL	0	2	0	2	2	4333
ALL	0	2	0	2	ALL	10150
ALL	0	2	0	ALL	0	8971
ALL	0	2	0	ALL	1	13073
ALL	0	2	0	ALL	2	11017
ALL	0	2	0	ALL	ALL	33061
ALL	0	2	1	0	0	426
ALL	0	2	1	0	1	2404
ALL	0	2	1	0	2	3483
ALL	0	2	1	0	ALL	6313
ALL	0	2	1	1	0	4049
ALL	0	2	1	1	1	4120
ALL	0	2	1	1	2	7154
ALL	0	2	1	1	ALL	15323
ALL	0	2	1	2	0	5083
ALL	0	2	1	2	1	4968
ALL	0	2	1	2	2	3750
ALL	0	2	1	2	ALL	13801
ALL	0	2	1	ALL	0	9558
ALL	0	2	1	ALL	1	11492
ALL	0	2	1	ALL	2	14387
ALL	0	2	1	ALL	ALL	35437
ALL	0	2	2	0	0	5036
ALL	0	2	2	0	1	7721
ALL	0	2	2	0	2	3848
ALL	0	2	2	0	ALL	16605
ALL	0	2	2	1	0	4742
ALL	0	2	2	1	1	2656
ALL	0	2	2	1	2	1961
ALL	0	2	2	1	ALL	9359
ALL	0	2	2	2	0	5066
ALL	0	2	2	2	1	7357
ALL	0	2	2	2	2	6335
ALL	0	2	2	2	ALL	18758
ALL	0	2	2	ALL	0	14844
ALL	0	2	2	ALL	1	17734
ALL	0	2	2	ALL	2	12144
ALL	0	2	2	ALL	ALL	44722
ALL	0	2	ALL	0	0	9085
ALL	0	2	ALL	0	1	13172
ALL	0	2	ALL	0	2	9986
ALL	0	2	ALL	0	ALL	32243
ALL	0	2	ALL	1	0	12239
ALL	0	2	ALL	1	1	12885
ALL	0	2	ALL	1	2	13144
ALL	0	2	ALL	1	ALL	38268
ALL	0	2	ALL	2	0	12049
ALL	0	2	ALL	2	1	16242
ALL	0	2	ALL	2	2	14418
ALL	0	2	ALL	2	ALL	42709
ALL	0	2	ALL	ALL	0	33373
ALL	0	2	ALL	ALL	1	42299
ALL	0	2	ALL	ALL	2	37548
ALL	0	2	ALL	ALL	ALL	113220
ALL	0	ALL	0	0	0	10290
ALL	0	ALL	0	0	1	11698
ALL	0	ALL	0	0	2	12268
ALL	0	ALL	0	0	ALL	34256
ALL	0	ALL	0	1	0	13641
ALL	0	ALL	0	1	1	14094
ALL	0	ALL	0	1	2	13233
ALL	0	ALL	0	1	ALL	40968
ALL	0	ALL	0	2	0	9936
ALL	0	ALL	0	2	1	11226
ALL	0	ALL	0	2	2	12066
ALL	0	ALL	0	2	ALL	33228
ALL	0	ALL	0	ALL	0	33867
ALL	0	ALL	0	ALL	1	37018
ALL	0	ALL	0	ALL	2	37567
ALL	0	ALL	0	ALL	ALL	108452
ALL	0	ALL	1	0	0	9192
ALL	0	ALL	1	0	1	9808
ALL	0	ALL	1	0	2	8728
ALL	0	ALL	1	0	ALL	27728
ALL	0	ALL	1	1	0	8447
ALL	0	ALL	1	1	1	10374
ALL	0	ALL	1	1	2	18688
ALL	0	ALL	1	1	ALL	37509
ALL	0	ALL	1	2	0	16271
ALL	0	ALL	1	2	1	14308
ALL	0	ALL	1	2	2	9633
ALL	0	ALL	1	2	ALL	40212
ALL	0	ALL	1	ALL	0	33910
ALL	0	ALL	1	ALL	1	34490
ALL	0	ALL	1	ALL	2	37049
ALL	0	ALL	1	ALL	ALL	105449
ALL	0	ALL	2	0	0	13635
ALL	0	ALL	2	0	1	20826
ALL	0	ALL	2	0	2	9939
ALL	0	ALL	2	0	ALL	44400
ALL	0	ALL	2	1	0	10132
ALL	0	ALL	2	1	1	8828
ALL	0	ALL	2	1	2	9058
ALL	0	ALL	2	1	ALL	28018
ALL	0	ALL	2	2	0	12904
ALL	0	ALL	2	2	1	11552
ALL	0	ALL	2	2	2	15778
ALL	0	ALL	2	2	ALL	40234
ALL	0	ALL	2	ALL	0	36671
ALL	0	ALL	2	ALL	1	41206
ALL	0	ALL	2	ALL	2	34775
ALL	0	ALL	2	ALL	ALL	112652
ALL	0	ALL	ALL	0	0	33117
ALL	0	ALL	ALL	0	1	42332
ALL	0	ALL	ALL	0	2	30935
ALL	0	ALL	ALL	0	ALL	106384
ALL	0	ALL	ALL	1	0	32220
ALL	0	ALL	ALL	1	1	33296
ALL	0	ALL	ALL	1	2	40979
ALL	0	ALL	ALL	1	ALL	106495
ALL	0	ALL	ALL	2	0	39111
ALL	0	ALL	ALL	2	1	37086
ALL	0	ALL	ALL	2	2	37477
ALL	0	ALL	ALL	2	ALL	113674
ALL	0	ALL	ALL	ALL	0	104448
ALL	0	ALL	ALL	ALL	1	112714
ALL	0	ALL	ALL	ALL	2	109391
ALL	0	ALL	ALL	ALL	ALL	326553
ALL	1	0	0	0	0	2746
ALL	1	0	0	0	1	4947
ALL	1	0	0	0	2	5847
ALL	1	0	0	0	ALL	13540
ALL	1	0	0	1	0	3542
ALL	1	0	0	1	1	2024
ALL	1	0	0	1	2	2129
ALL	1	0	0	1	ALL	7695
ALL	1	0	0	2	0	2830
ALL	1	0	0	2	1	5940
ALL	1	0	0	2	2	5412
ALL	1	0	0	2	ALL	14182
ALL	1	0	0	ALL	0	9118
ALL	1	0	0	ALL	1	12911
ALL	1	0	0	ALL	2	13388
ALL	1	0	0	ALL	ALL	35417
ALL	1	0	1	0	0	4490
ALL	1	0	1	0	1	3669
ALL	1	0	1	0	2	2546
ALL	1	0	1	0	ALL	10705
ALL	1	0	1	1	0	3373
ALL	1	0	1	1	1	4754
ALL	1	0	1	1	2	3907
ALL	1	0	1	1	ALL	12034
ALL	1	0	1	2	0	2971
ALL	1	0	1	2	1	2869
ALL	1	0	1	2	2	3736
ALL	1	0	1	2	ALL	9576
ALL	1	0	1	ALL	0	10834
ALL	1	0	1	ALL	1	11292
ALL	1	0	1	ALL	2	10189
ALL	1	0	1	ALL	ALL	32315
ALL	1	0	2	0	0	2487
ALL	1	0	2	0	1	7022
ALL	1	0	2	0	2	2838
ALL	1	0	2	0	ALL	12347
ALL	1	0	2	1	0	4658
ALL	1	0	2	1	1	2006
ALL	1	0	2	1	2	2873
ALL	1	0	2	1	ALL	9537
ALL	1	0	2	2	0	5075
ALL	1	0	2	2	1	4721
ALL	1	0	2	2	2	5271
ALL	1	0	2	2	ALL	15067
ALL	1	0	2	ALL	0	12220
ALL	1	0	2	ALL	1	13749
ALL	1	0	2	ALL	2	10982
ALL	1	0	2	ALL	ALL	36951
ALL	1	0	ALL	0	0	9723
ALL	1	0	ALL	0	1	15638
ALL	1	0	ALL	0	2	11231
ALL	1	0	ALL	0	ALL	36592
ALL	1	0	ALL	1	0	11573
ALL	1	0	ALL	1	1	8784
ALL	1	0	ALL	1	2	8909
ALL	1	0	ALL	1	ALL	29266
ALL	1	0	ALL	2	0	10876
ALL	1	0	ALL	2	1	13530
ALL	1	0	ALL	2	2	14419
ALL	1	0	ALL	2	ALL	38825
ALL	1	0	ALL	ALL	0	32172
ALL	1	0	ALL	ALL	1	37952
ALL	1	0	ALL	ALL	2	34559
ALL	1	0	ALL	ALL	ALL	104683
ALL	1	1	0	0	0	5649
ALL	1	1	0	0	1	1202
ALL	1	1	0	0	2	4948
ALL	1	1	0	0	ALL	11799
ALL	1	1	0	1	0	6333
ALL	1	1	0	1	1	4102
ALL	1	1	0	1	2	4568
ALL	1	1	0	1	ALL	15003
ALL	1	1	0	2	0	3796
ALL	1	1	0	2	1	6483
ALL	1	1	0	2	2	2967
ALL	1	1	0	2	ALL	13246
ALL	1	1	0	ALL	0	15778
ALL	1	1	0	ALL	1	11787
ALL	1	1	0	ALL	2	12483
ALL	1	1	0	ALL	ALL	40048
ALL	1	1	1	0	0	9312
ALL	1	1	1	0	1	2900
ALL	1	1	1	0	2	3371
ALL	1	1	1	0	ALL	15583
ALL	1	1	1	1	0	4127
ALL	1	1	1	1	1	2261
ALL	1	1	1	1	2	3577
ALL	1	1	1	1	ALL	9965
ALL	1	1	1	2	0	3305
ALL	1	1	1	2	1	5985
ALL	1	1	1	2	2	5126
ALL	1	1	1	2	ALL	14416
ALL	1	1	1	ALL	0	16744
ALL	1	1	1	ALL	1	11146
ALL	1	1	1	ALL	2	12074
ALL	1	1	1	ALL	ALL	39964
ALL	1	1	2	0	0	2215
ALL	1	1	2	0	1	2895
ALL	1	1	2	0	2	4865
ALL	1	1	2	0	ALL	9975
ALL	1	1	2	1	0	5109
ALL	1	1	2	1	1	3757
ALL	1	1	2	1	2	5036
ALL	1	1	2	1	ALL	13902
ALL	1	1	2	2	0	2003
ALL	1	1	2	2	1	3476
ALL	1	1	2	2	2	5309
ALL	1	1	2	2	ALL	10788
ALL	1	1	2	ALL	0	9327
ALL	1	1	2	ALL	1	10128
ALL	1	1	2	ALL	2	15210
ALL	1	1	2	ALL	ALL	34665
ALL	1	1	ALL	0	0	17176
ALL	1	1	ALL	0	1	6997
ALL	1	1	ALL	0	2	13184
ALL	1	1	ALL	0	ALL	37357
ALL	1	1	ALL	1	0	15569
ALL	1	1	ALL	1	1	10120
ALL	1	1	ALL	1	2	13181
ALL	1	1	ALL	1	ALL	38870
ALL	1	1	ALL	2	0	9104
ALL	1	1	ALL	2	1	15944
ALL	1	1	ALL	2	2	13402
ALL	1	1	ALL	2	ALL	38450
ALL	1	1	ALL	ALL	0	41849
ALL	1	1	ALL	ALL	1	33061
ALL	1	1	ALL	ALL	2	39767
ALL	1	1	ALL	ALL	ALL	114677
ALL	1	2	0	0	0	4590
ALL	1	2	0	0	1	3896
ALL	1	2	0	0	2	3020
ALL	1	2	0	0	ALL	11506
ALL	1	2	0	1	0	5106
ALL	1	2	0	1	1	4428
ALL	1	2	0	1	2	1422
ALL	1	2	0	1	ALL	10956
ALL	1	2	0	2	0	4332
ALL	1	2	0	2	1	3745
ALL	1	2	0	2	2	2676
ALL	1	2	0	2	ALL	10753
ALL	1	2	0	ALL	0	14028
ALL	1	2	0	ALL	1	12069
ALL	1	2	0	ALL	2	7118
ALL	1	2	0	ALL	ALL	33215
ALL	1	2	1	0	0	6634
ALL	1	2	1	0	1	4590
ALL	1	2	1	0	2	3295
ALL	1	2	1	0	ALL	14519
ALL	1	2	1	1	0	4686
ALL	1	2	1	1	1	5663
ALL	1	2	1	1	2	2327
ALL	1	2	1	1	ALL	12676
ALL	1	2	1	2	0	5350
ALL	1	2	1	2	1	4974
ALL	1	2	1	2	2	2861
ALL	1	2	1	2	ALL	13185
ALL	1	2	1	ALL	0	16670
ALL	1	2	1	ALL	1	15227
ALL	1	2	1	ALL	2	8483
ALL	1	2	1	ALL	ALL	40380
ALL	1	2	2	0	0	3688
ALL	1	2	2	0	1	3842
ALL	1	2	2	0	2	3454
ALL	1	2	2	0	ALL	10984
ALL	1	2	2	1	0	3087
ALL	1	2	2	1	1	8019
ALL	1	2	2	1	2	3389
ALL	1	2	2	1	ALL	14495
ALL	1	2	2	2	0	3701
ALL	1	2	2	2	1	3161
ALL	1	2	2	2	2	2931
ALL	1	2	2	2	ALL	9793
ALL	1	2	2	ALL	0	10476
ALL	1	2	2	ALL	1	15022
ALL	1	2	2	ALL	2	9774
ALL	1	2	2	ALL	ALL	35272
ALL	1	2	ALL	0	0	14912
ALL	1	2	ALL	0	1	12328
ALL	1	2	ALL	0	2	9769
ALL	1	2	ALL	0	ALL	37009
ALL	1	2	ALL	1	0	12879
ALL	1	2	ALL	1	1	18110
ALL	1	2	ALL	1	2	7138
ALL	1	2	ALL	1	ALL	38127
ALL	1	2	ALL	2	0	13383
ALL	1	2	ALL	2	1	11880
ALL	1	2	ALL	2	2	8468
ALL	1	2	ALL	2	ALL	33731
ALL	1	2	ALL	ALL	0	41174
ALL	1	2	ALL	ALL	1	42318
ALL	1	2	ALL	ALL	2	25375
ALL	1	2	ALL	ALL	ALL	108867
ALL	1	ALL	0	0	0	12985
ALL	1	ALL	0	0	1	10045
ALL	1	ALL	0	0	2	13815
ALL	1	ALL	0	0	ALL	36845
ALL	1	ALL	0	1	0	14981
ALL	1	ALL	0	1	1	10554
ALL	1	ALL	0	1	2	8119
ALL	1	ALL	0	1	ALL	33654
ALL	1	ALL	0	2	0	10958
ALL	1	ALL	0	2	1	16168
ALL	1	ALL	0	2	2	11055
ALL	1	ALL	0	2	ALL	38181
ALL	1	ALL	0	ALL	0	38924
ALL	1	ALL	0	ALL	1	36767
ALL	1	ALL	0	ALL	2	32989
ALL	1	ALL	0	ALL	ALL	108680
ALL	1	ALL	1	0	0	20436
ALL	1	ALL	1	0	1	11159
ALL	1	ALL	1	0	2	9212
ALL	1	ALL	1	0	ALL	40807
ALL	1	ALL	1	1	0	12186
ALL	1	ALL	1	1	1	12678
ALL	1	ALL	1	1	2	9811
ALL	1	ALL	1	1	ALL	34675
ALL	1	ALL	1	2	0	11626
ALL	1	ALL	1	2	1	13828
ALL	1	ALL	1	2	2	11723
ALL	1	ALL	1	2	ALL	37177
ALL	1	ALL	1	ALL	0	44248
ALL	1	ALL	1	ALL	1	37665
ALL	1	ALL	1	ALL	2	30746
ALL	1	ALL	1	ALL	ALL	112659
ALL	1	ALL	2	0	0	8390
ALL	1	ALL	2	0	1	13759
ALL	1	ALL	2	0	2	11157
ALL	1	ALL	2	0	ALL	33306
ALL	1	ALL	2	1	0	12854
ALL	1	ALL	2	1	1	13782
ALL	1	ALL	2	1	2	11298
ALL	1	ALL	2	1	ALL	37934
ALL	1	ALL	2	2	0	10779
ALL	1	ALL	2	2	1	11358
ALL	1	ALL	2	2	2	13511
ALL	1	ALL	2	2	ALL	35648
ALL	1	ALL	2	ALL	0	32023
ALL	1	ALL	2	ALL	1	38899
ALL	1	ALL	2	ALL	2	35966
ALL	1	ALL	2	ALL	ALL	106888
ALL	1	ALL	ALL	0	0	41811
ALL	1	ALL	ALL	0	1	34963
ALL	1	ALL	ALL	0	2	34184
ALL	1	ALL	ALL	0	ALL	110958
ALL	1	ALL	ALL	1	0	40021
ALL	1	ALL	ALL	1	1	37014
ALL	1	ALL	ALL	1	2	29228
ALL	1	ALL	ALL	1	ALL	106263
ALL	1	ALL	ALL	2	0	33363
ALL	1	ALL	ALL	2	1	41354
ALL	1	ALL	ALL	2	2	36289
ALL	1	ALL	ALL	2	ALL	111006
ALL	1	ALL	ALL	ALL	0	115195
ALL	1	ALL	ALL	ALL	1	113331
ALL	1	ALL	ALL	ALL	2	99701
ALL	1	ALL	ALL	ALL	ALL	328227
ALL	2	0	0	0	0	2353
ALL	2	0	0	0	1	2712
ALL	2	0	0	0	2	2725
ALL	2	0	0	0	ALL	7790
ALL	2	0	0	1	0	5953
ALL	2	0	0	1	1	5378
ALL	2	0	0	1	2	6688
ALL	2	0	0	1	ALL	18019
ALL	2	0	0	2	0	2159
ALL	2	0	0	2	1	4740
ALL	2	0	0	2	2	6569
ALL	2	0	0	2	ALL	13468
ALL	2	0	0	ALL	0	10465
ALL	2	0	0	ALL	1	12830
ALL	2	0	0	ALL	2	15982
ALL	2	0	0	ALL	ALL	39277
ALL	2	0	1	0	0	4766
ALL	2	0	1	0	1	2716
ALL	2	0	1	0	2	6700
ALL	2	0	1	0	ALL	14182
ALL	2	0	1	1	0	4425
ALL	2	0	1	1	1	4368
ALL	2	0	1	1	2	3902
ALL	2	0	1	1	ALL	12695
ALL	2	0	1	2	0	2653
ALL	2	0	1	2	1	4153
ALL	2	0	1	2	2	2765
ALL	2	0	1	2	ALL	9571
ALL	2	0	1	ALL	0	11844
ALL	2	0	1	ALL	1	11237
ALL	2	0	1	ALL	2	13367
ALL	2	0	1	ALL	ALL	36448
ALL	2	0	2	0	0	8052
ALL	2	0	2	0	1	3863
ALL	2	0	2	0	2	2962
ALL	2	0	2	0	ALL	14877
ALL	2	0	2	1	0	3578
ALL	2	0	2	1	1	7313
ALL	2	0	2	1	2	5793
ALL	2	0	2	1	ALL	16684
ALL	2	0	2	2	0	1341
ALL	2	0	2	2	1	4398
ALL	2	0	2	2	2	1823
ALL	2	0	2	2	ALL	7562
ALL	2	0	2	ALL	0	12971
ALL	2	0	2	ALL	1	15574
ALL	2	0	2	ALL	2	10578
ALL	2	0	2	ALL	ALL	39123
ALL	2	0	ALL	0	0	15171
ALL	2	0	ALL	0	1	9291
ALL	2	0	ALL	0	2	12387
ALL	2	0	ALL	0	ALL	36849
ALL	2	0	ALL	1	0	13956
ALL	2	0	ALL	1	1	17059
ALL	2	0	ALL	1	2	16383
ALL	2	0	ALL	1	ALL	47398
ALL	2	0	ALL	2	0	6153
ALL	2	0	ALL	2	1	13291
ALL	2	0	ALL	2	2	11157
ALL	2	0	ALL	2	ALL	30601
ALL	2	0	ALL	ALL	0	35280
ALL	2	0	ALL	ALL	1	39641
ALL	2	0	ALL	ALL	2	39927
ALL	2	0	ALL	ALL	ALL	114848
ALL	2	1	0	0	0	4487
ALL	2	1	0	0	1	4476
ALL	2	1	0	0	2	6419
ALL	2	1	0	0	ALL	15382
ALL	2	1	0	1	0	3003
ALL	2	1	0	1	1	2586
ALL	2	1	0	1	2	4377
ALL	2	1	0	1	ALL	9966
ALL	2	1	0	2	0	585
ALL	2	1	0	2	1	7149
ALL	2	1	0	2	2	5462
ALL	2	1	0	2	ALL	13196
ALL	2	1	0	ALL	0	8075
ALL	2	1	0	ALL	1	14211
ALL	2	1	0	ALL	2	16258
ALL	2	1	0	ALL	ALL	38544
ALL	2	1	1	0	0	3024
ALL	2	1	1	0	1	5007
ALL	2	1	1	0	2	3457
ALL	2	1	1	0	ALL	11488
ALL	2	1	1	1	0	3565
ALL	2	1	1	1	1	6570
ALL	2	1	1	1	2	2308
ALL	2	1	1	1	ALL	12443
ALL	2	1	1	2	0	2161
ALL	2	1	1	2	1	4228
ALL	2	1	1	2	2	7827
ALL	2	1	1	2	ALL	14216
ALL	2	1	1	ALL	0	8750
ALL	2	1	1	ALL	1	15805
ALL	2	1	1	ALL	2	13592
ALL	2	1	1	ALL	ALL	38147
ALL	2	1	2	0	0	1822
ALL	2	1	2	0	1	5833
ALL	2	1	2	0	2	2974
ALL	2	1	2	0	ALL	10629
ALL	2	1	2	1	0	3708
ALL	2	1	2	1	1	3376
ALL	2	1	2	1	2	650
ALL	2	1	2	1	ALL	7734
ALL	2	1	2	2	0	2117
ALL	2	1	2	2	1	3260
ALL	2	1	2	2	2	4954
ALL	2	1	2	2	ALL	10331
ALL	2	1	2	ALL	0	7647
ALL	2	1	2	ALL	1	12469
ALL	2	1	2	ALL	2	8578
ALL	2	1	2	ALL	ALL	28694
ALL	2	1	ALL	0	0	9333
ALL	2	1	ALL	0	1	15316
ALL	2	1	ALL	0	2	12850
ALL	2	1	ALL	0	ALL	37499
ALL	2	1	ALL	1	0	10276
ALL	2	1	ALL	1	1	12532
ALL	2	1	ALL	1	2	7335
ALL	2	1	ALL	1	ALL	30143
ALL	2	1	ALL	2	0	4863
ALL	2	1	ALL	2	1	14637
ALL	2	1	ALL	2	2	18243
ALL	2	1	ALL	2	ALL	37743
ALL	2	1	ALL	ALL	0	24472
ALL	2	1	ALL	ALL	1	42485
ALL	2	1	ALL	ALL	2	38428
ALL	2	1	ALL	ALL	ALL	105385
ALL	2	2	0	0	0	1903
ALL	2	2	0	0	1	4336
ALL	2	2	0	0	2	4266
ALL	2	2	0	0	ALL	10505
ALL	2	2	0	1	0	5414
ALL	2	2	0	1	1	4752
ALL	2	2	0	1	2	1031
ALL	2	2	0	1	ALL	11197
ALL	2	2	0	2	0	2040
ALL	2	2	0	2	1	2792
ALL	2	2	0	2	2	5823
ALL	2	2	0	2	ALL	10655
ALL	2	2	0	ALL	0	9357
ALL	2	2	0	ALL	1	11880
ALL	2	2	0	ALL	2	11120
ALL	2	2	0	ALL	ALL	32357
ALL	2	2	1	0	0	3316
ALL	2	2	1	0	1	2843
ALL	2	2	1	0	2	3210
ALL	2	2	1	0	ALL	9369
ALL	2	2	1	1	0	5053
ALL	2	2	1	1	1	3386
ALL	2	2	1	1	2	5144
ALL	2	2	1	1	ALL	13583
ALL	2	2	1	2	0	3461
ALL	2	2	1	2	1	4374
ALL	2	2	1	2	2	2013
ALL	2	2	1	2	ALL	9848
ALL	2	2	1	ALL	0	11830
ALL	2	2	1	ALL	1	10603
ALL	2	2	1	ALL	2	10367
ALL	2	2	1	ALL	ALL	32800
ALL	2	2	2	0	0	3140
ALL	2	2	2	0	1	4188
ALL	2	2	2	0	2	5398
ALL	2	2	2	0	ALL	12726
ALL	2	2	2	1	0	4436
ALL	2	2	2	1	1	4162
ALL	2	2	2	1	2	9152
ALL	2	2	2	1	ALL	17750
ALL	2	2	2	2	0	2480
ALL	2	2	2	2	1	1791
ALL	2	2	2	2	2	3304
ALL	2	2	2	2	ALL	7575
ALL	2	2	2	ALL	0	10056
ALL	2	2	2	ALL	1	10141
ALL	2	2	2	ALL	2	17854
ALL	2	2	2	ALL	ALL	38051
ALL	2	2	ALL	0	0	8359
ALL	2	2	ALL	0	1	11367
ALL	2	2	ALL	0	2	12874
ALL	2	2	ALL	0	ALL	32600
ALL	2	2	ALL	1	0	14903
ALL	2	2	ALL	1	1	12300
ALL	2	2	ALL	1	2	15327
ALL	2	2	ALL	1	ALL	42530
ALL	2	2	ALL	2	0	7981
ALL	2	2	ALL	2	1	8957
ALL	2	2	ALL	2	2	11140
ALL	2	2	ALL	2	ALL	28078
ALL	2	2	ALL	ALL	0	31243
ALL	2	2	ALL	ALL	1	32624
ALL	2	2	ALL	ALL	2	39341
ALL	2	2	ALL	ALL	ALL	103208
ALL	2	ALL	0	0	0	8743
ALL	2	ALL	0	0	1	11524
ALL	2	ALL	0	0	2	13410
ALL	2	ALL	0	0	ALL	33677
ALL	2	ALL	0	1	0	14370
ALL	2	ALL	0	1	1	12716
ALL	2	ALL	0	1	2	12096
ALL	2	ALL	0	1	ALL	39182
ALL	2	ALL	0	2	0	4784
ALL	2	ALL	0	2	1	14681
ALL	2	ALL	0	2	2	17854
ALL	2	ALL	0	2	ALL	37319
ALL	2	ALL	0	ALL	0	27897
ALL	2	ALL	0	ALL	1	38921
ALL	2	ALL	0	ALL	2	43360
ALL	2	ALL	0	ALL	ALL	110178
ALL	2	ALL	1	0	0	11106
ALL	2	ALL	1	0	1	10566
ALL	2	ALL	1	0	2	13367
ALL	2	ALL	1	0	ALL	35039
ALL	2	ALL	1	1	0	13043
ALL	2	ALL	1	1	1	14324
ALL	2	ALL	1	1	2	11354
ALL	2	ALL	1	1	ALL	38721
ALL	2	ALL	1	2	0	8275
ALL	2	ALL	1	2	1	12755
ALL	2	ALL	1	2	2	12605
ALL	2	ALL	1	2	ALL	33635
ALL	2	ALL	1	ALL	0	32424
ALL	2	ALL	1	ALL	1	37645
ALL	2	ALL	1	ALL	2	37326
ALL	2	ALL	1	ALL	ALL	107395
ALL	2	ALL	2	0	0	13014
ALL	2	ALL	2	0	1	13884
ALL	2	ALL	2	0	2	11334
ALL	2	ALL	2	0	ALL	38232
ALL	2	ALL	2	1	0	11722
ALL	2	ALL	2	1	1	14851
ALL	2	ALL	2	1	2	15595
ALL	2	ALL	2	1	ALL	42168
ALL	2	ALL	2	2	0	5938
ALL	2	ALL	2	2	1	9449
ALL	2	ALL	2	2	2	10081
ALL	2	ALL	2	2	ALL	25468
ALL	2	ALL	2	ALL	0	30674
ALL	2	ALL	2	ALL	1	38184
ALL	2	ALL	2	ALL	2	37010
ALL	2	ALL	2	ALL	ALL	105868
ALL	2	ALL	ALL	0	0	32863
ALL	2	ALL	ALL	0	1	35974
ALL	2	ALL	ALL	0	2	38111
ALL	2	ALL	ALL	0	ALL	106948
ALL	2	ALL	ALL	1	0	39135
ALL	2	ALL	ALL	1	1	41891
ALL	2	ALL	ALL	1	2	39045
ALL	2	ALL	ALL	1	ALL	120071
ALL	2	ALL	ALL	2	0	18997
ALL	2	ALL	ALL	2	1	36885
ALL	2	ALL	ALL	2	2	40540
ALL	2	ALL	ALL	2	ALL	96422
ALL	2	ALL	ALL	ALL	0	90995
ALL	2	ALL	ALL	ALL	1	114750
ALL	2	ALL	ALL	ALL	2	117696
ALL	2	ALL	ALL	ALL	ALL	323441
ALL	ALL	0	0	0	0	8898
ALL	ALL	0	0	0	1	11394
ALL	ALL	0	0	0	2	13838
ALL	ALL	0	0	0	ALL	34130
ALL	ALL	0	0	1	0	12110
ALL	ALL	0	0	1	1	11552
ALL	ALL	0	0	1	2	13720
ALL	ALL	0	0	1	ALL	37382
ALL	ALL	0	0	2	0	6805
ALL	ALL	0	0	2	1	13740
ALL	ALL	0	0	2	2	14798
ALL	ALL	0	0	2	ALL	35343
ALL	ALL	0	0	ALL	0	27813
ALL	ALL	0	0	ALL	1	36686
ALL	ALL	0	0	ALL	2	42356
ALL	ALL	0	0	ALL	ALL	106855
ALL	ALL	0	1	0	0	12394
ALL	ALL	0	1	0	1	10749
ALL	ALL	0	1	0	2	12414
ALL	ALL	0	1	0	ALL	35557
ALL	ALL	0	1	1	0	8537
ALL	ALL	0	1	1	1	11530
ALL	ALL	0	1	1	2	15392
ALL	ALL	0	1	1	ALL	35459
ALL	ALL	0	1	2	0	10869
ALL	ALL	0	1	2	1	9253
ALL	ALL	0	1	2	2	10927
ALL	ALL	0	1	2	ALL	31049
ALL	ALL	0	1	ALL	0	31800
ALL	ALL	0	1	ALL	1	31532
ALL	ALL	0	1	ALL	2	38733
ALL	ALL	0	1	ALL	ALL	102065
ALL	ALL	0	2	0	0	12579
ALL	ALL	0	2	0	1	16271
ALL	ALL	0	2	0	2	8097
ALL	ALL	0	2	0	ALL	36947
ALL	ALL	0	2	1	0	9834
ALL	ALL	0	2	1	1	13269
ALL	ALL	0	2	1	2	12218
ALL	ALL	0	2	1	ALL	35321
ALL	ALL	0	2	2	0	10437
ALL	ALL	0	2	2	1	11899
ALL	ALL	0	2	2	2	11145
ALL	ALL	0	2	2	ALL	33481
ALL	ALL	0	2	ALL	0	32850
ALL	ALL	0	2	ALL	1	41439
ALL	ALL	0	2	ALL	2	31460
ALL	ALL	0	2	ALL	ALL	105749
ALL	ALL	0	ALL	0	0	33871
ALL	ALL	0	ALL	0	1	38414
ALL	ALL	0	ALL	0	2	34349
ALL	ALL	0	ALL	0	ALL	106634
ALL	ALL	0	ALL	1	0	30481
ALL	ALL	0	ALL	1	1	36351
ALL	ALL	0	ALL	1	2	41330
ALL	ALL	0	ALL	1	ALL	108162
ALL	ALL	0	ALL	2	0	28111
ALL	ALL	0	ALL	2	1	34892
ALL	ALL	0	ALL	2	2	36870
ALL	ALL	0	ALL	2	ALL	99873
ALL	ALL	0	ALL	ALL	0	92463
ALL	ALL	0	ALL	ALL	1	109657
ALL	ALL	0	ALL	ALL	2	112549
ALL	ALL	0	ALL	ALL	ALL	314669
ALL	ALL	1	0	0	0	13004
ALL	ALL	1	0	0	1	10594
ALL	ALL	1	0	0	2	15714
ALL	ALL	1	0	0	ALL	39312
ALL	ALL	1	0	1	0	16914
ALL	ALL	1	0	1	1	10523
ALL	ALL	1	0	1	2	13246
ALL	ALL	1	0	1	ALL	40683
ALL	ALL	1	0	2	0	10601
ALL	ALL	1	0	2	1	17881
ALL	ALL	1	0	2	2	13345
ALL	ALL	1	0	2	ALL	41827
ALL	ALL	1	0	ALL	0	40519
ALL	ALL	1	0	ALL	1	38998
ALL	ALL	1	0	ALL	2	42305
ALL	ALL	1	0	ALL	ALL	121822
ALL	ALL	1	1	0	0	17964
ALL	ALL	1	1	0	1	10947
ALL	ALL	1	1	0	2	8905
ALL	ALL	1	1	0	ALL	37816
ALL	ALL	1	1	1	0	11351
ALL	ALL	1	1	1	1	12677
ALL	ALL	1	1	1	2	9836
ALL	ALL	1	1	1	ALL	33864
ALL	ALL	1	1	2	0	11409
ALL	ALL	1	1	2	1	17322
ALL	ALL	1	1	2	2	14410
ALL	ALL	1	1	2	ALL	43141
ALL	ALL	1	1	ALL	0	40724
ALL	ALL	1	1	ALL	1	40946
ALL	ALL	1	1	ALL	2	33151
ALL	ALL	1	1	ALL	ALL	114821
ALL	ALL	1	2	0	0	10596
ALL	ALL	1	2	0	1	16447
ALL	ALL	1	2	0	2	11633
ALL	ALL	1	2	0	ALL	38676
ALL	ALL	1	2	1	0	12609
ALL	ALL	1	2	1	1	9355
ALL	ALL	1	2	1	2	9231
ALL	ALL	1	2	1	ALL	31195
ALL	ALL	1	2	2	0	7937
ALL	ALL	1	2	2	1	8151
ALL	ALL	1	2	2	2	15655
ALL	ALL	1	2	2	ALL	31743
ALL	ALL	1	2	ALL	0	31142
ALL	ALL	1	2	ALL	1	33953
ALL	ALL	1	2	ALL	2	36519
ALL	ALL	1	2	ALL	ALL	101614
ALL	ALL	1	ALL	0	0	41564
ALL	ALL	1	ALL	0	1	37988
ALL	ALL	1	ALL	0	2	36252
ALL	ALL	1	ALL	0	ALL	115804
ALL	ALL	1	ALL	1	0	40874
ALL	ALL	1	ALL	1	1	32555
ALL	ALL	1	ALL	1	2	32313
ALL	ALL	1	ALL	1	ALL	105742
ALL	ALL	1	ALL	2	0	29947
ALL	ALL	1	ALL	2	1	43354
ALL	ALL	1	ALL	2	2	43410
ALL	ALL	1	ALL	2	ALL	116711
ALL	ALL	1	ALL	ALL	0	112385
ALL	ALL	1	ALL	ALL	1	113897
ALL	ALL	1	ALL	ALL	2	111975
ALL	ALL	1	ALL	ALL	ALL	338257
ALL	ALL	2	0	0	0	10116
ALL	ALL	2	0	0	1	11279
ALL	ALL	2	0	0	2	9941
ALL	ALL	2	0	0	ALL	31336
ALL	ALL	2	0	1	0	13968
ALL	ALL	2	0	1	1	15289
ALL	ALL	2	0	1	2	6482
ALL	ALL	2	0	1	ALL	35739
ALL	ALL	2	0	2	0	8272
ALL	ALL	2	0	2	1	10454
ALL	ALL	2	0	2	2	12832
ALL	ALL	2	0	2	ALL	31558
ALL	ALL	2	0	ALL	0	32356
ALL	ALL	2	0	ALL	1	37022
ALL	ALL	2	0	ALL	2	29255
ALL	ALL	2	0	ALL	ALL	98633
ALL	ALL	2	1	0	0	10376
ALL	ALL	2	1	0	1	9837
ALL	ALL	2	1	0	2	9988
ALL	ALL	2	1	0	ALL	30201
ALL	ALL	2	1	1	0	13788
ALL	ALL	2	1	1	1	13169
ALL	ALL	2	1	1	2	14625
ALL	ALL	2	1	1	ALL	41582
ALL	ALL	2	1	2	0	13894
ALL	ALL	2	1	2	1	14316
ALL	ALL	2	1	2	2	8624
ALL	ALL	2	1	2	ALL	36834
ALL	ALL	2	1	ALL	0	38058
ALL	ALL	2	1	ALL	1	37322
ALL	ALL	2	1	ALL	2	33237
ALL	ALL	2	1	ALL	ALL	108617
ALL	ALL	2	2	0	0	11864
ALL	ALL	2	2	0	1	15751
ALL	ALL	2	2	0	2	12700
ALL	ALL	2	2	0	ALL	40315
ALL	ALL	2	2	1	0	12265
ALL	ALL	2	2	1	1	14837
ALL	ALL	2	2	1	2	14502
ALL	ALL	2	2	1	ALL	41604
ALL	ALL	2	2	2	0	11247
ALL	ALL	2	2	2	1	12309
ALL	ALL	2	2	2	2	12570
ALL	ALL	2	2	2	ALL	36126
ALL	ALL	2	2	ALL	0	35376
ALL	ALL	2	2	ALL	1	42897
ALL	ALL	2	2	ALL	2	39772
ALL	ALL	2	2	ALL	ALL	118045
ALL	ALL	2	ALL	0	0	32356
ALL	ALL	2	ALL	0	1	36867
ALL	ALL	2	ALL	0	2	32629
ALL	ALL	2	ALL	0	ALL	101852
ALL	ALL	2	ALL	1	0	40021
ALL	ALL	2	ALL	1	1	43295
ALL	ALL	2	ALL	1	2	35609
ALL	ALL	2	ALL	1	ALL	118925
ALL	ALL	2	ALL	2	0	33413
ALL	ALL	2	ALL	2	1	37079
ALL	ALL	2	ALL	2	2	34026
ALL	ALL	2	ALL	2	ALL	104518
ALL	ALL	2	ALL	ALL	0	105790
ALL	ALL	2	ALL	ALL	1	117241
ALL	ALL	2	ALL	ALL	2	102264
ALL	ALL	2	ALL	ALL	ALL	325295
ALL	ALL	ALL	0	0	0	32018
ALL	ALL	ALL	0	0	1	33267
ALL	ALL	ALL	0	0	2	39493
ALL	ALL	ALL	0	0	ALL	104778
ALL	ALL	ALL	0	1	0	42992
ALL	ALL	ALL	0	1	1	37364
ALL	ALL	ALL	0	1	2	33448
ALL	ALL	ALL	0	1	ALL	113804
ALL	ALL	ALL	0	2	0	25678
ALL	ALL	ALL	0	2	1	42075
ALL	ALL	ALL	0	2	2	40975
ALL	ALL	ALL	0	2	ALL	108728
ALL	ALL	ALL	0	ALL	0	100688
ALL	ALL	ALL	0	ALL	1	112706
ALL	ALL	ALL	0	ALL	2	113916
ALL	ALL	ALL	0	ALL	ALL	327310
ALL	ALL	ALL	1	0	0	40734
ALL	ALL	ALL	1	0	1	31533
ALL	ALL	ALL	1	0	2	31307
ALL	ALL	ALL	1	0	ALL	103574
ALL	ALL	ALL	1	1	0	33676
ALL	ALL	ALL	1	1	1	37376
ALL	ALL	ALL	1	1	2	39853
ALL	ALL	ALL	1	1	ALL	110905
ALL	ALL	ALL	1	2	0	36172
ALL	ALL	ALL	1	2	1	40891
ALL	ALL	ALL	1	2	2	33961
ALL	ALL	ALL	1	2	ALL	111024
ALL	ALL	ALL	1	ALL	0	110582
ALL	ALL	ALL	1	ALL	1	109800
ALL	ALL	ALL	1	ALL	2	105121
ALL	ALL	ALL	1	ALL	ALL	325503
ALL	ALL	ALL	2	0	0	35039
ALL	ALL	ALL	2	0	1	48469
ALL	ALL	ALL	2	0	2	32430
ALL	ALL	ALL	2	0	ALL	115938
ALL	ALL	ALL	2	1	0	34708
ALL	ALL	ALL	2	1	1	37461
ALL	ALL	ALL	2	1	2	35951
ALL	ALL	ALL	2	1	ALL	108120
ALL	ALL	ALL	2	2	0	29621
ALL	ALL	ALL	2	2	1	32359
ALL	ALL	ALL	2	2	2	39370
ALL	ALL	ALL	2	2	ALL	101350
ALL	ALL	ALL	2	ALL	0	99368
ALL	ALL	ALL	2	ALL	1	118289
ALL	ALL	ALL	2	ALL	2	107751
ALL	ALL	ALL	2	ALL	ALL	325408
ALL	ALL	ALL	ALL	0	0	107791
ALL	ALL	ALL	ALL	0	1	113269
ALL	ALL	ALL	ALL	0	2	103230
ALL	ALL	ALL	ALL	0	ALL	324290
ALL	ALL	ALL	ALL	1	0	111376
ALL	ALL	ALL	ALL	1	1	112201
ALL	ALL	ALL	ALL	1	2	109252
ALL	ALL	ALL	ALL	1	ALL	332829
ALL	ALL	ALL	ALL	2	0	91471
ALL	ALL	ALL	ALL	2	1	115325
ALL	ALL	ALL	ALL	2	2	114306
ALL	ALL	ALL	ALL	2	ALL	321102
ALL	ALL	ALL	ALL	ALL	0	310638
ALL	ALL	ALL	ALL	ALL	1	340795
ALL	ALL	ALL	ALL	ALL	2	326788
ALL	ALL	ALL	ALL	ALL	ALL	978221
